locus_radius:0.01,nuclear_radius:1.0,bound_zone_thickness:0.18350341907227397,bound_to_bound:0,unbound_to_bound:0,
URA3_FLE_BINDING_COLLISIONrestep
X,Y,is_bound
-0.026653901966824822,0.2992920899932634,0
-0.0505620560503047,0.2261019345366442,0
-0.02382446564020707,0.257183982056546,0
0.026842911593577885,0.23666363932401183,0
0.0850931904049298,0.2778162868197047,0
0.020442278011232176,0.23117119232045782,0
0.06632171043488128,0.17533969818251915,0
0.045671222727732455,0.24442555908055588,0
0.0722298670030154,0.18610782751980598,0
0.042078969337628114,0.15707175623046632,0
0.10375759472590743,0.25393732316622986,0
0.10168603579208661,0.23953257088509672,0
0.11066446474760756,0.2321785539289769,0
0.11314137271756597,0.20837765007579287,0
0.033568160573632266,0.16716803642942452,0
0.08693572836547933,0.27963060319794264,0
0.06996432965638077,0.24086077347109966,0
0.022392746700223023,0.2967632804808436,0
0.014336859159572531,0.3298296512475752,0
0.033318655597264275,0.23134492149592617,0
-0.01664771064509675,0.21056185749521228,0
0.07207275417465143,0.3498694695688533,0
0.18665610835332264,0.3271147027861972,0
0.0709278011888727,0.28942683474012587,0
0.10198793784580003,0.3120829540201826,0
0.07912266097533702,0.2733029412270873,0
0.07704922258060289,0.31115099788592465,0
0.10238545279632738,0.3248121955280287,0
0.05117787646742319,0.25916803419808393,0
0.059276116355509084,0.2632493023691183,0
0.03078475324115188,0.3166360409666916,0
0.04228927750057777,0.2855367249686467,0
0.056539445523811425,0.28074591221138445,0
0.022712167957505386,0.27841870119774914,0
0.08890451935316114,0.3039132950590673,0
0.1228420086144933,0.3128383531295301,0
0.08026826069830456,0.42760981121721686,0
0.03103869795150057,0.38452974798082606,0
-0.005772147156734617,0.3045049360584082,0
0.1756514635711972,0.27840126002923293,0
0.09974053310817,0.327697178870571,0
0.0868201892225431,0.237852871829472,0
-0.008598796451838656,0.2403822024031949,0
0.08583260429612581,0.30217557955043556,0
0.07712903926708099,0.31705431445489185,0
0.1315988749000962,0.39101784919640176,0
0.13101774737652203,0.2258936843788306,0
0.1497551602895294,0.2854816769705029,0
0.09072797930814229,0.2760752439058345,0
0.04240630596494655,0.14614317495483353,0
0.16221325813319135,0.13351982956942404,0
0.13574165841196106,0.164238724463041,0
0.06465360775564806,0.2265296946856838,0
0.0987801283967565,0.1806113983850069,0
0.03550775305951612,0.07152732476161558,0
0.061908923957603446,0.11566175004182058,0
0.03180826486313383,0.18014545259786796,0
0.059638618782621666,0.2318866672042188,0
0.09966756409473976,0.16980759650250418,0
0.0645249558109102,0.24536191659450157,0
0.07636183341742717,0.2885410842245984,0
0.14372428202787468,0.2642211422125787,0
-0.011131070018691736,0.3344939800030851,0
0.028073273973386048,0.22752160087395187,0
0.058982160806161366,0.28576800785780854,0
0.0855578890582894,0.11648858805831011,0
0.07181723833988579,0.12449717875160773,0
0.13497097913545825,0.21517202222122545,0
0.10814877117370565,0.19869712826767374,0
0.09251393976987692,0.24631527883049886,0
0.011001465292206428,0.24852284860143842,0
0.018657048168949964,0.22207898696178816,0
-0.11582021526477666,0.17447993113172625,0
-0.16279301101818983,0.19212867237728434,0
-0.02174384405150881,0.18006407497738147,0
-0.0434514652787647,0.19735151482803723,0
-0.05835600108435546,0.1722578765932194,0
-0.05381894216315648,0.10605920650736901,0
-0.035936693223683654,0.16762046945075446,0
-0.08551853163560377,0.11570474814211157,0
-0.1223866872728857,0.024707716815553324,0
0.04361173819939322,0.18573399126361623,0
-0.08564865576648946,0.13844340609610073,0
0.03508546172339955,0.10829437160461197,0
-0.049271906861186376,0.15485760697655476,0
-0.00031860288682458715,0.27288370900247944,0
-0.0388731915590331,0.0961864427105023,0
-0.07526532926283773,0.1942188965860095,0
-0.06615020857577868,0.17277290734661488,0
-0.03583925027981004,0.2315880716064765,0
-0.10067184474869688,0.34508328652507425,0
-0.09946707717880077,0.2321249437434091,0
-0.003648678085645868,0.16580679183513403,0
0.036977383768854094,0.1769487832890383,0
0.004755459288847297,0.17770792949808364,0
0.051829270892487,0.18834703079776563,0
-0.044329392009916924,0.23761101864735815,0
-0.0724845573968285,0.17038439524887317,0
-0.1648362677153502,0.1647077577737662,0
-0.13826119591015623,0.19026028381157384,0
-0.1517854914505965,0.23204189631320687,0
-0.19845280532177398,0.20192339137575926,0
-0.2126330249684902,0.24891661958725989,0
-0.08057168347039384,0.2311812252894141,0
-0.07445213131103456,0.12497927014230334,0
-0.06848756740705272,0.1934380985277776,0
-0.10525283062317634,0.15573662947104225,0
-0.09061071593597123,0.17764199743859177,0
0.025594995072436344,0.17566147081254757,0
-0.11652083247633249,0.2059528764838613,0
-0.03406825497316589,0.18920202334405642,0
0.033279694149392094,0.23905480736403223,0
0.03724835232729439,0.2451774441274535,0
0.043814163969966936,0.24328384876210937,0
0.0134734228533437,0.26249275748249,0
-0.02759678145629247,0.3054581755478395,0
0.045715732540928485,0.3036888888483333,0
0.09426574058467005,0.24103964036190728,0
0.07027543192135446,0.22866715216685427,0
-0.00793212333384842,0.18932314850607243,0
-0.06521673643097955,0.2564008476214548,0
-0.030674816323776083,0.26474054999924307,0
-0.07680071459493032,0.3286092231549751,0
-0.09121181865972974,0.21722628118743328,0
-0.05686746633774362,0.28628801924297154,0
-0.07707285335275281,0.37375833757699406,0
-0.04004788281886833,0.369091828813398,0
-0.028175504446301,0.2974658062195671,0
-0.016775619456092634,0.23205556752402764,0
-0.040279989756490865,0.29837218679010374,0
-0.13438954487455412,0.31917976595699404,0
-0.07760071884148295,0.32401061778813456,0
-0.09146045459682997,0.3764614090599535,0
-0.036578960333811195,0.3753039845881748,0
-0.0037518101687893934,0.416797688145808,0
-0.006113327325087384,0.4290450340010416,0
0.055502241388063006,0.37029065245898934,0
0.0961584287080176,0.3829627886942301,0
0.1582388176033142,0.41634461693030644,0
0.059442250625104345,0.48557869623437017,0
-0.0271692140626415,0.3572527196429278,0
0.05554423482549606,0.37363888933732475,0
0.006090328556007579,0.4341375527229592,0
0.0396146546956155,0.442905218859252,0
0.05546446061564579,0.5083045530896112,0
0.08181132341621783,0.4812762773355341,0
0.07633843182153638,0.5216363929402585,0
0.03063442554386734,0.5199980384606114,0
0.03980307415257902,0.4175207541884791,0
0.02653376192911077,0.43896977610859655,0
0.007331911300462929,0.4796841572755542,0
0.00884242639542615,0.45320939486074824,0
-0.01877312665953292,0.49796247534037363,0
-0.03222023902515688,0.5337110185814836,0
0.04518337375786143,0.4655501236083236,0
0.00911772894023255,0.37308580577457473,0
0.03829845382411344,0.34473113239239195,0
0.010773244356190172,0.3846967800381039,0
0.023493506775786873,0.4834503856728639,0
0.049349263536328486,0.3760962768384838,0
-0.017192665406561378,0.4466089254632839,0
-0.07373642687358635,0.4202593858866419,0
-0.10723546023564309,0.36912633215352614,0
-0.07394628702416511,0.4528901318120512,0
-0.15539682990607212,0.4843384369420405,0
-0.09954838006300418,0.41522629073951306,0
-0.21573342661992811,0.43526560016790095,0
-0.17273196368139532,0.47191327066924793,0
-0.2168550119637823,0.4656110284128862,0
-0.2588004239736774,0.44934030976053063,0
-0.17783300720548167,0.3906406796253509,0
-0.2047904094239494,0.3472037189925596,0
-0.26246161551092334,0.3259172299215638,0
-0.23175620326475263,0.38794189406268526,0
-0.2351798073008378,0.3436654215733852,0
-0.2903067451751076,0.3434817959104454,0
-0.19059041239586746,0.24687515498867324,0
-0.2994018888057374,0.17502929333543418,0
-0.07446118252863396,0.26356670143455696,0
-0.06973080660281519,0.35423178084525453,0
0.013040372517966997,0.2817513262350668,0
-0.03774758160264656,0.2455382679281635,0
-0.13011328878980657,0.19344332292651706,0
-0.0738717133564655,0.2977140485960949,0
-0.11312366822187833,0.16659818532615192,0
-0.12971947499707354,0.15316585410911276,0
-0.07260857315115521,0.25564024211356384,0
-0.04648135552937219,0.22934770749468422,0
-0.009592481415939456,0.29488819535021604,0
0.12087606680874835,0.24154145579091144,0
0.014695834448836903,0.219841484066144,0
-0.04032882039975429,0.20506319505382178,0
0.04170557861483146,0.14998186214049808,0
0.033945525979819605,0.2467369229371959,0
0.008769091485982553,0.216887392937367,0
-0.045382071529748616,0.2177937436653223,0
-0.09987505290058125,0.2626073783790537,0
-0.026023356289342603,0.31634877759084046,0
0.05526360259084283,0.3117770879097977,0
0.02055972760558611,0.3062437048136846,0
0.022598230247084752,0.20756203680333274,0
0.09442409219260278,0.23991998221601568,0
0.03513327605765053,0.2799428906186671,0
-0.07036073507845245,0.29007951374283214,0
-0.016631407213318655,0.3395811225787011,0
0.013812760853051692,0.23117488005587802,0
0.03328089202244246,0.24079754869401707,0
0.0402443685007914,0.23663111567387346,0
0.12831412013339266,0.186366278624738,0
0.08217090877563835,0.2362659949096465,0
0.09285792944611605,0.20093860640555877,0
0.025382771736613158,0.16994660372730205,0
-0.00020794598279829518,0.23015280331582688,0
0.024947747458380118,0.28959602580449734,0
0.05392412054914321,0.21326073402447313,0
0.0782975042249578,0.16988097243900674,0
-0.03561133772917929,0.22139351825563544,0
-0.015324937295348978,0.20995403593552878,0
0.006441668429916853,0.1526592864317376,0
0.06711655885061406,0.10345480634558826,0
0.007676462139799785,0.057496343137562585,0
0.14638759010962235,0.1427250738089185,0
0.12583423463342275,0.054134049864339825,0
0.055432076907360656,0.14533552620750756,0
0.1116329704469156,0.16403093922201836,0
0.05030534197260139,0.19982549630060864,0
0.06043978131763173,0.15449886453662928,0
0.1025305379087392,0.24589809008828756,0
0.014420941923085628,0.25853487496791444,0
0.09035441542048737,0.21890414245925482,0
0.08102968457903266,0.3104205003256414,0
0.0506807109232619,0.24019430789680735,0
0.11501425675651206,0.18577860626692955,0
0.0024303682710729996,0.12872238253440477,0
-0.010130547432032233,0.18250052314583004,0
0.11066477523992528,0.16436354033359069,0
-0.024174676888417082,0.10617932980088945,0
-0.015223965848203824,0.20572818900211554,0
-0.06818142433459258,0.2018199846381547,0
0.0539076225361035,0.2076955241253063,0
0.06676346760602732,0.16916415191661036,0
-0.005403868594305361,0.24298005088937702,0
0.09958051056303932,0.21527634551410382,0
0.08835581439661387,0.262753933852647,0
0.0803749000932502,0.27552936297114716,0
0.15546377962598915,0.34576070900946765,0
0.1425643999597697,0.3111909872418621,0
0.19074162587735033,0.38403666831753913,0
0.09544710143128823,0.39257001927801327,0
0.06632890087688444,0.43468274377179406,0
0.07400858720085039,0.41077084872157094,0
0.028076338240599366,0.4032274169562583,0
0.044091722272762,0.45474530001311864,0
-0.009035130008216166,0.4423818778083926,0
-0.030374917226731125,0.25075725696068973,0
-0.015742500575978174,0.25055273697072117,0
0.03943966253990209,0.3793032398116043,0
-0.05634120522193905,0.2811371149969488,0
0.025041264500800582,0.3070618833239231,0
0.016565014408193683,0.2817462438686592,0
0.022821425061480508,0.23702732870765741,0
0.06024818732066722,0.24356732128992947,0
-0.019758400584984327,0.26841780398868714,0
0.0335106965912803,0.25018336641744776,0
-0.07808261168910663,0.35357959452005744,0
-0.053246362337652973,0.26683859736809323,0
0.004379314627618175,0.3152852914499281,0
0.003059706859512492,0.33171104285897157,0
0.07714883579198777,0.27226112399671043,0
0.07134557498827994,0.3399747069950726,0
-0.04521373072910034,0.30566199349414547,0
0.024647358676013087,0.29982433433019495,0
-0.0052511025502341505,0.3587912839861897,0
-0.10221948871944939,0.31109202923573687,0
-0.006970189508145028,0.3196003571380817,0
-0.15800727737051873,0.3170469728322446,0
-0.08034929113723023,0.3039250267112854,0
-0.028069874971328693,0.25519650295127805,0
0.02047689844457401,0.21055710476060568,0
-0.07492181524716876,0.307364507685689,0
-0.03887850695739381,0.31703508189220975,0
-0.08378794312342991,0.3097387831288316,0
-0.13073926421154947,0.24433615258682545,0
-0.1536136732288622,0.24911102863708204,0
-0.05582719765337252,0.278147171610155,0
-0.038226560009449365,0.30360710254272816,0
-0.025965294880536397,0.21507599234832403,0
-0.03344231185598693,0.22472306306291404,0
-0.009929226254550283,0.29278833932757,0
-0.09278534578254875,0.27217984525833205,0
-0.08471985643251406,0.3058326884113458,0
-0.003423227626608058,0.2790384387555457,0
-0.04771604407798225,0.2826087612046038,0
-0.03461108366485142,0.2631107853211137,0
0.04124988600550552,0.3460889903384281,0
0.03930275229681564,0.3078021178605746,0
0.018047767637586688,0.3576437767873346,0
0.009533750139773629,0.38012784352560886,0
-0.04201821928943591,0.39304441938295454,0
-0.04317345866990741,0.33137036920432306,0
-0.05866121009068505,0.337889002272388,0
-0.03240244175531025,0.44090415927623844,0
-0.04877833667135892,0.34380913334912633,0
-0.002893142327594994,0.4340755969244705,0
-0.023668213453968606,0.3853955421031311,0
-0.0012362629819515636,0.3396755947787532,0
0.01776025826950769,0.3466836365150675,0
-0.0927202805156414,0.34022713207688365,0
-0.04912150996193677,0.33253501128781676,0
-0.09022760026374765,0.3010324202230038,0
-0.024567487715141334,0.3344587625902448,0
-0.005772445381159105,0.3588116103781077,0
-0.040272655376807645,0.3875258242922427,0
-0.08474563183701092,0.40270139744721023,0
-0.12816532807611913,0.41387833440540434,0
-0.12501476100705688,0.3733737273648524,0
-0.1914747205096976,0.3837656635669034,0
-0.08518683349197423,0.5085401708534962,0
-0.1489274643776382,0.4572352305806016,0
-0.14333278686070258,0.496185204666201,0
-0.14258258224064324,0.44717616152693485,0
-0.17130591576868778,0.4212587776541872,0
-0.13542452122618903,0.4254633968544338,0
-0.14836653235187305,0.4061213605846325,0
-0.06866757672175512,0.4422107973179821,0
-0.11801986787455855,0.38243258969068866,0
-0.12204796138420446,0.3988329912156183,0
-0.1647615146176178,0.4170262437126626,0
-0.15676994849011874,0.37927761794699866,0
-0.16455667390473744,0.3956332105511999,0
-0.24397019710581702,0.32647737752520173,0
-0.14820662307054275,0.39251173374893567,0
-0.26706284867009455,0.385979632571168,0
-0.23919790034924665,0.3092556781760142,0
-0.2594406131846312,0.3140792952788221,0
-0.25070212107906903,0.3068880188748408,0
-0.278305852043816,0.3379495230069217,0
-0.25548700478990927,0.26110082600459145,0
-0.2905372290429057,0.14061998866269287,0
-0.4334059558706366,0.22993227324119597,0
-0.3436097955588116,0.2292321567709414,0
-0.38379557494644273,0.21625343379625353,0
-0.40267666669126334,0.21860545612033128,0
-0.3155468508513784,0.31332589679774725,0
-0.352562906614255,0.166916904126173,0
-0.37200660956131276,0.21605883315076313,0
-0.3518388829857236,0.11149570469844497,0
-0.3016108428526647,0.18491382066582843,0
-0.33573575853454757,0.16254927579896747,0
-0.36575224468205475,0.2409220075356947,0
-0.28155967089763356,0.17510782502769517,0
-0.2408791300991909,0.12164845999423587,0
-0.22067397592123372,0.18719889998017042,0
-0.17423390758100527,0.17305848161876247,0
-0.2176598513346435,0.10943754049918243,0
-0.22137047145750882,0.1187753775599518,0
-0.2708464750091481,0.028356966767836625,0
-0.2502052779175233,0.13685471852854453,0
-0.2593612785946575,0.08851184508432483,0
-0.2456998942619845,0.07120116855089731,0
-0.2694875863566105,0.011192355021559589,0
-0.31978719496275265,0.024087812994044437,0
-0.28191831627376107,-0.02302304352902021,0
-0.2875868484623442,0.10950607211844629,0
-0.3132849783642747,0.15212569981297175,0
-0.45477165031589517,0.06862943198244523,0
-0.3300654923681569,0.06496015309267981,0
-0.3265157270930597,0.06769188025734706,0
-0.23031854877804936,0.06463787858437799,0
-0.39922044084760644,0.016873679399052634,0
-0.3523064173651161,0.03762993894138955,0
-0.3347977369057268,0.1368990145214749,0
-0.318332845393442,0.15517963312693395,0
-0.358265833192361,0.17994841393897879,0
-0.3842790461732624,0.1136957602507991,0
-0.3507700177963652,-0.00020602010308345964,0
-0.3724282301268521,0.07941645166097194,0
-0.469249633962446,0.170328539349399,0
-0.4090214699935995,0.12675994299140136,0
-0.5002216347275743,0.06886369935668663,0
-0.4299887318496931,0.16766691355178823,0
-0.5480106187348083,0.15008959406993494,0
-0.37238804262603253,0.1815885851976642,0
-0.41875700564469115,0.21372248634508845,0
-0.3960833631437437,0.20556215366841638,0
-0.37352306886855813,0.17212908584165176,0
-0.40480211992242865,0.1424722693390147,0
-0.4464281722069053,0.061334385732874655,0
-0.5387522931670796,0.146501071105449,0
-0.38006202494517094,0.032320435861301344,0
-0.43116309407871856,0.013946948116019264,0
-0.4783216001993442,-0.09409363611671366,0
-0.39617921502257825,0.025085597239093663,0
-0.4090778360738293,0.09218917759775827,0
-0.40929803623517735,0.08714091793154298,0
-0.3657455719634387,0.08297524193852532,0
-0.3685759159024128,0.024892888360632005,0
-0.40130208949861834,-0.014215962773372087,0
-0.3610172601740829,0.04480476355405763,0
-0.3177932165905563,0.0946019396780102,0
-0.40550641615272665,0.03054354320780965,0
-0.41139854615197424,-0.1114012844685094,0
-0.37153955867017274,-0.08480824191902031,0
-0.3958554237950332,-0.0330099524523659,0
-0.2909243206254896,0.01564840671340805,0
-0.39080087147491727,-0.021126948930899905,0
-0.3734938310816802,0.013851990331028165,0
-0.2927855845955354,0.025289925616886554,0
-0.3352627419762887,0.015363679990413924,0
-0.2833069367788544,0.07285825421523807,0
-0.2983961105745466,0.09841912895527738,0
-0.2280167109888923,0.21579660362242598,0
-0.24853929120777196,0.13573488084234275,0
-0.23073871612641644,0.12996193075579107,0
-0.29728218876399476,0.018210846602131847,0
-0.259609079649166,0.024590385377717842,0
-0.3758320765698891,-0.02696155096777643,0
-0.31046226241018227,-0.009227582421247119,0
-0.28406588694222923,-0.10232498051235873,0
-0.21780546250203092,-0.07992560558540529,0
-0.15867614292404522,-0.11275307841211943,0
-0.22225228531828561,-0.04193154167824349,0
-0.14321044846129805,-0.04809071525903741,0
-0.30556636662293607,-0.004001954042964814,0
-0.19534909514866727,-0.0004908011035755985,0
-0.28435861707600973,-0.07487426011344867,0
-0.3130306095884209,0.009169539700891932,0
-0.2718162691068071,0.1329930410435765,0
-0.26701078468755735,0.15327255348269422,0
-0.22409494891846646,0.10911069639592536,0
-0.2566296013479272,0.09930338421463315,0
-0.23530287367029315,0.09339314369496889,0
-0.2316697607538644,0.071803219010532,0
-0.13336146900195645,-0.04285690956604127,0
-0.11940952130021514,0.028353780805445025,0
-0.24109786762588947,0.06266016614976899,0
-0.18153118497188106,-0.05681500366126821,0
-0.20886579567821478,-0.10401238799103965,0
-0.3071208409545888,-0.033562079938867465,0
-0.27833104525190683,-0.03906638402682963,0
-0.25388409152046165,0.040614936340355026,0
-0.22831725654469864,-0.01623773869693633,0
-0.2789690789865704,-0.028639904162760736,0
-0.22958412369548375,-0.016806711353305907,0
-0.3232086786977441,-0.09064958770029291,0
-0.38729628331310406,9.374930235317436e-05,0
-0.31700529010057615,-0.0015060889341375217,0
-0.3102415107061282,-0.05115008154586501,0
-0.328531110803089,-0.08270147789383803,0
-0.33904680144200827,-0.11547087018257575,0
-0.3270419720696472,0.009760523624070386,0
-0.2845375322163612,0.0178791078068345,0
-0.2985530600161456,0.08060054730062619,0
-0.3373867410354148,0.05777210925591729,0
-0.2988921318755311,0.04763741531996396,0
-0.28766852012443495,0.03919577635347598,0
-0.3181078154608661,0.0522596557770215,0
-0.2697124693721474,6.862148613612229e-05,0
-0.29442641474092995,0.04090397286559616,0
-0.291657385585934,0.03684007200015635,0
-0.3342485519574483,0.10925546202214666,0
-0.35687197448004887,0.08523820476504995,0
-0.39051512468348504,0.0793434846181549,0
-0.3800968972444084,0.11055276608015766,0
-0.3490682031818691,0.09831063808589466,0
-0.37966608400866586,0.14866983504354608,0
-0.36097959890464637,0.06204164257200828,0
-0.3701321634491833,0.07919640770346105,0
-0.4328653395176575,0.04291172623035647,0
-0.43842178754067906,0.09456198928512885,0
-0.46172668789604554,0.00223137282900511,0
-0.43160859371355154,0.1282861672239125,0
-0.2791952946311068,0.05896077834958914,0
-0.3503197593289379,0.07999147927938165,0
-0.28281741025374757,0.003624906444130216,0
-0.2703342639373423,0.008345864366919434,0
-0.1868774922824904,-0.0194636034225934,0
-0.12624341539248718,0.10837336409098358,0
-0.065281781253102,-0.001144621516332045,0
-0.08946543566364011,-0.07419237664850187,0
-0.11653975490608798,-0.015690950713164273,0
-0.14080837842045496,-0.07631600803248166,0
-0.08978183450355967,-0.12726185137184423,0
-0.11664545280764824,-0.08847255519106789,0
-0.04534588566696411,-0.043627950449434884,0
-0.23629103412753594,0.039389069040286474,0
-0.15689129264484797,0.03254390484967186,0
-0.13885217319178947,0.03143473904020995,0
-0.0745059867466284,0.11744767278551702,0
-0.06206811587474084,0.08564007268505253,0
-0.09769439746926328,0.13548088613944842,0
-0.22304167467861227,0.12149767061090196,0
-0.10399906794307956,0.04358815077980331,0
-0.0940848830031939,-0.05094539242437468,0
-0.1607898015320672,-0.021640240214132387,0
-0.20339622993422546,0.05746394953565513,0
-0.10959634252304769,0.03800124064210299,0
-0.13998121741756123,0.08338287122476473,0
-0.23662434328487142,0.08024944278415601,0
-0.1831065801206076,0.054886128694333486,0
-0.15245434068917016,0.020023257142040583,0
-0.18477719023288175,0.020593321142236103,0
-0.09188135486058621,0.012380077253605891,0
-0.07963390223134056,0.010246010305034003,0
-0.06000913792540758,0.010762116204999997,0
-0.09084020796143218,0.0328643175085911,0
-0.11311209341582823,0.11560117319331742,0
-0.17432657098548857,-0.005607055078433412,0
-0.1419941071908258,0.0688800738512325,0
-0.0920248548286795,0.05419413656994075,0
-0.08331803099612664,0.08431828425774483,0
-0.15335186137342727,0.10707399307378516,0
-0.1197540042896145,0.06153205625997442,0
-0.09783919013869716,0.049866060420325785,0
-0.024921372265668082,-0.049385031136016506,0
-0.11673779312440039,0.010968511072697834,0
-0.11751820985749549,0.08773494090273179,0
-0.17081196418685296,0.05095834926585308,0
-0.21989106997603186,0.17323060697778292,0
-0.15686112876991637,0.028815743290121792,0
-0.13348197513475882,0.020756236099230864,0
-0.14939700698937755,-0.03429744443717165,0
-0.19590149574550766,0.054802825600546314,0
-0.15511875006812822,0.039618799146610664,0
-0.17544054323380212,0.06597326362982063,0
-0.14939634896305112,0.0699344447296073,0
-0.06503666251599548,0.0857205913431659,0
-0.02868572544674708,0.04687640854697113,0
-0.030604220384582267,0.13616603320606468,0
-0.1100712577526648,0.07277208856331031,0
-0.08529470056738826,0.005753916937156309,0
-0.09397312878688371,0.051427302826751106,0
-0.06992271692055911,0.0269560857219099,0
0.03816329781799155,0.1543235367707387,0
-0.06333895459797648,0.03293251416287887,0
-0.04342500813532331,0.07750530374860143,0
0.04765392353142585,0.08907646713680822,0
-0.018514019298954104,0.0754293326080175,0
0.08832412787577407,-0.06260668308371135,0
0.06669295568308198,0.01974536613069347,0
0.050434809478267256,0.08165063067284707,0
0.03295419229107431,-0.0003387141733824789,0
0.04038361080177692,0.06672375544888078,0
-0.040728656170160124,0.052550813347664455,0
0.09928808026302403,0.0796216680784725,0
0.061856581830541,0.08556213442100069,0
0.032867153329743215,0.05488779571949239,0
-0.0767579522329813,0.09853063434691975,0
0.04076113451171387,0.046596433690127656,0
0.07146203749264037,0.05555498823470175,0
0.09097781335537586,0.01853952430900091,0
-0.005636167529672845,0.11556250575733958,0
0.02787070383807308,0.009408254632242721,0
0.11344372090452615,-0.028534727996488027,0
0.08941881587232985,0.031200576201436056,0
0.1134512292830714,-0.0005693330744648839,0
0.0764593305361849,0.07024882312282321,0
0.09588892431811316,0.08460858595505379,0
0.048814191296053626,0.08929159760768823,0
0.06658006576967188,0.07149793579660782,0
-0.04483089666314194,0.10766622481905547,0
-0.12442815894107545,0.08480293616500076,0
-0.12375147764904207,0.21698622050610386,0
-0.12433939296615397,0.13391900301012372,0
-0.06345168214445711,0.14759791123893098,0
-0.0932544822155667,0.14634488653335503,0
-0.12222310445296831,0.13414653833230097,0
-0.17975244324198186,0.006259437914212185,0
-0.1465845512310955,0.059955803356534054,0
-0.1595321896087663,-0.009447661380304645,0
-0.20873137412624443,-0.08157263414982012,0
-0.040933606401531486,-0.01769796773374961,0
-0.09440197109207388,-0.04728324532527183,0
-0.06847303399281023,-0.07828620160106894,0
-0.06893498036309263,0.039137550279893574,0
0.0016037938647958938,0.05082061624980107,0
-0.0009372430625474576,0.10305442361561326,0
-0.009678696939572172,0.14505472611949852,0
-0.012954741210448338,0.2206663939704568,0
-0.07032305985499751,0.2132744622046209,0
0.0013085087477182483,0.18895740264550326,0
-0.08486282987282334,0.20990097322675896,0
-0.06151578526471849,0.26099676439728214,0
-0.020007802225248866,0.23762878760832623,0
-0.08170919137627548,0.162901835011115,0
-0.04916576515579293,0.12218267442601133,0
-0.05265969772109415,0.06853844100177611,0
-0.043162974840194754,0.049983646300862994,0
-0.016503377366145554,0.07225660832966754,0
0.02880451218935685,0.12825000855939642,0
-0.028164535874290974,0.22060508910341148,0
-0.0957128891573005,0.19775516055965123,0
-0.053596519328221175,0.15166504204131023,0
0.018914986988292755,0.13339907815793403,0
-0.06262490539750076,0.2558452633357496,0
-0.09927940635114649,0.18444714881934804,0
-0.052380445185341476,0.18548206176116497,0
0.07492624574731836,0.2500518958275915,0
-0.037948649171323554,0.2310618666237912,0
-0.014675105074000033,0.3317364619987503,0
-0.021609977199174676,0.3368239514326892,0
-0.018918093165591142,0.3202449386896602,0
0.04099523937751995,0.3389159720719505,0
-0.0857171276090358,0.29640388226645586,0
-0.04974227734565496,0.15083704726143826,0
-0.014024625441354861,0.1670989106842361,0
-0.005675108128341898,0.23752289845252958,0
-0.07232871838542701,0.2966198991176403,0
-0.047792113957194196,0.23860751293940252,0
0.011357269988686941,0.3279971291633349,0
-0.03931589025400523,0.25070072097020557,0
-0.09009924172009051,0.2446178967772742,0
-0.0827460390275147,0.2579845912017158,0
-0.10522866189266075,0.14942533228495214,0
-0.16079238084059513,0.1913392956680919,0
-0.1570821084438813,0.2979573181648242,0
-0.14100833030743304,0.32668255233342747,0
-0.14186776117070865,0.37191588924027064,0
-0.22708801800943704,0.333321190240721,0
-0.17861722628830157,0.3707217530489561,0
-0.14056947525433847,0.3820552578927735,0
-0.10352630195814665,0.30569964501681746,0
-0.10898528513214023,0.3294468628467626,0
-0.1211051453222009,0.39054905356120906,0
-0.2209189724242042,0.4019531381931683,0
-0.10353572565781458,0.2137099903297852,0
-0.10766552569499595,0.32222259076984133,0
-0.04244233580327006,0.3585607157475831,0
0.029246317139052874,0.33530052986382974,0
0.06194933132783217,0.2672656704673494,0
0.042371805796206974,0.36895782966082946,0
0.05553663075958962,0.2373398899083141,0
1.7125461252806562e-05,0.23118271481984248,0
-0.024224946557315292,0.3237227072243397,0
-0.07432739373265236,0.2777684269076593,0
-0.0004865558924662672,0.3007402654306231,0
0.05760124294850988,0.3689700275478571,0
0.05951107622851413,0.3613287300341462,0
0.10300737458045855,0.34953380276803864,0
0.06028036420115381,0.38580955122479743,0
0.1054228100938796,0.3634807277767287,0
0.11497824783850025,0.4615418035468511,0
0.13491421756919514,0.4176127970697441,0
0.15460305676735756,0.4237218111604688,0
0.10500508965623542,0.3576403889893258,0
0.07798152709563974,0.3791527332555916,0
0.12898685597774154,0.27544254761322806,0
0.09909666540175857,0.28466379319064866,0
0.23278564784230754,0.38893798743880004,0
0.16653482973160194,0.3598021893486009,0
0.18537907257949943,0.3892480586784501,0
0.08415576747614878,0.3900186350767165,0
0.14375867404070503,0.35124518761994084,0
0.11015212366137196,0.36300801334267374,0
0.15652067601732791,0.3567668614675497,0
0.08987677843953086,0.30449647850987743,0
0.20510320910522692,0.28889418349415086,0
0.18989574747657592,0.43071154091702063,0
0.10151227942014898,0.36230906494872733,0
0.17302940179068652,0.35413132121894636,0
0.1373848204319927,0.37557690336534477,0
0.13502792522235127,0.31096544140901805,0
0.17799539707873582,0.3895036516834344,0
0.2039098312273739,0.30362440947479974,0
0.15504069307226317,0.2621760693168814,0
0.16683597005362616,0.31359875308033164,0
0.16599873088640732,0.20149940767987135,0
0.16024777680539432,0.2692456985616771,0
0.11352454665590417,0.2600945766403728,0
0.17937140137839647,0.33602023681778975,0
0.10572611216619729,0.3994730850484739,0
0.0808755142122868,0.3158267881429054,0
0.18534397940432812,0.21817474441443546,0
0.22316729189941026,0.22351612465154183,0
0.2656101620973787,0.27553411777167197,0
0.2121234219982932,0.24802673602219658,0
0.10895962210017027,0.21960911788874382,0
0.14474024799497043,0.3100026930688421,0
0.1946226075217649,0.259210997686948,0
0.17532609291650855,0.30107683805689384,0
0.1040563414471005,0.33284381410526653,0
0.18023544153055976,0.24034557915355476,0
0.13849853213324217,0.3211792208636882,0
0.06606509590544576,0.2244254529117163,0
0.07175038695128348,0.2266998551672843,0
0.0022377154731716975,0.3412606108814972,0
0.05479578828662853,0.2579347342925187,0
0.051098552443992376,0.21102634458855535,0
0.06718885107214913,0.3678919367991631,0
0.09151227823947242,0.4063784370690284,0
0.1425873093728514,0.30424050420437543,0
0.13898296494824597,0.29601100898557714,0
0.15250695262685607,0.4049647588991282,0
0.20861759091235962,0.356324648746821,0
0.17699840785854615,0.2970069636479977,0
0.13027272298627363,0.35365128442404864,0
0.1613453200853361,0.3346596565961787,0
0.20198532157675642,0.3662711049325642,0
0.18040519236319866,0.39963104533721916,0
0.04093643564010205,0.3801208038260043,0
0.06886350814844418,0.39471179761734126,0
0.05986509364852343,0.25061284321192473,0
0.09232448208681071,0.18295796503669443,0
0.15939897824937774,0.26629925123660136,0
0.07138419663800033,0.21959447408984595,0
0.16334166504929903,0.24305053952393685,0
0.14289388455242585,0.2262987281330695,0
0.051797665478551594,0.2683755638619909,0
0.026744985429074122,0.24847472053718583,0
0.1285442788110424,0.2648793936849376,0
0.09378893737392455,0.26495740120897854,0
0.005981298239521468,0.2883166897048481,0
0.07857941833775696,0.2604792273562311,0
0.00863651675361976,0.22874811948008877,0
0.1404267203437849,0.29052111840612116,0
0.09000593845273946,0.30492328128595275,0
0.0409178795618803,0.43055032007048943,0
0.12095558660505012,0.2211939577758769,0
0.1393711370450322,0.2715997846131404,0
0.039139753288443296,0.30605573494377597,0
0.12426462306397931,0.27431713681085473,0
0.07736946551442986,0.22912112698814718,0
0.05516882770822208,0.2655265604235944,0
0.11358487056566587,0.2511389868113253,0
0.08914968081361357,0.17140172646894153,0
0.13739153538039373,0.09490972853519078,0
0.1643410378852025,0.15713591689791637,0
0.1748132788039092,0.2211277901776877,0
0.23962891867948324,0.21582765364180975,0
0.22765343203110927,0.2056943123928672,0
0.313406507511785,0.22532199085152407,0
0.18073594599047407,0.3400406640616207,0
0.15995914767048328,0.29327769343804155,0
0.21523320291545794,0.29083847896131104,0
0.20936544385604164,0.3253825807290853,0
0.16425955251786703,0.3057448205192636,0
0.1054920558650082,0.38568828979455483,0
0.11894661872755219,0.36566072326440857,0
0.17941977134519888,0.35901736064302264,0
0.10788372111614129,0.4444355885479011,0
0.09782631486152388,0.4075480434724746,0
0.12663421709240658,0.43556034103491903,0
0.09040022281831395,0.3941379363641445,0
0.153060279250111,0.3852320281212922,0
0.14772128990395522,0.29615058696550134,0
0.11058897752062956,0.18262284786838562,0
0.09520873355745071,0.2044911985819136,0
0.07250881217061728,0.300042824064233,0
0.1000730458878964,0.31651674283681774,0
0.1388651923571876,0.264793311179002,0
0.16493444942314883,0.29480923787581936,0
0.1854776469865434,0.3292597322997168,0
0.23476527922014223,0.33017138475327207,0
0.18267933234922543,0.3341458399047964,0
0.22092248961729405,0.3371623219412678,0
0.19211845147666065,0.31946621606575565,0
0.16962339458831452,0.3600607560441103,0
0.14094029605078665,0.40444445867519785,0
0.11811050638379464,0.32978588937946385,0
0.1656136703799557,0.37535165751934696,0
0.12741039722468095,0.43747740256178336,0
0.1448902417932674,0.38216389180684357,0
0.0434167977055039,0.4243649653199232,0
0.033865373600213924,0.37627315900082653,0
0.007457768677715946,0.38366046359877365,0
-0.0019935838103829467,0.44771466456275394,0
0.022648273923268195,0.3938584651728918,0
0.10425059697584178,0.4252635489511619,0
0.08103871460387889,0.3052519601832349,0
0.0950776386867769,0.3558375725697594,0
0.05697768679495772,0.3115225953808696,0
0.09254555445789864,0.3859001465108062,0
0.07702236483786756,0.3663818923487457,0
0.036990094884808165,0.41571955108296144,0
0.06060005906100568,0.37872477566585355,0
0.06900313840701035,0.32835332923154426,0
-0.005571349966187106,0.37689893120220497,0
-0.051771507433501784,0.37911476646172826,0
-0.008720317552811337,0.286380328252684,0
-0.04855160212671148,0.38906059528098436,0
-0.1018597292822073,0.37709290494477216,0
-0.0589510184794467,0.39761739548931585,0
-0.0547237270867619,0.3638047302634449,0
-0.00919702585881424,0.3778775914596822,0
0.0824583053282595,0.3168148599582861,0
0.059406720290362175,0.377116051692314,0
0.0832537395298047,0.42499179801766584,0
0.10923701494258099,0.3459810647086139,0
0.10633836682392672,0.273756928438463,0
0.10487609495996601,0.36953787885901823,0
0.09321934526071449,0.4343210882104025,0
0.05668362731582344,0.46163172900488153,0
-0.021639310681764418,0.41212579370465796,0
-0.12079190134217908,0.4438400581676215,0
-0.023101190782981673,0.40792447952935723,0
-0.025732162341624815,0.4035815330739018,0
-0.04106536675940396,0.33886476684614586,0
0.04903035010836497,0.306192696593217,0
0.019385431043349482,0.36136800947485004,0
0.05528118946754661,0.3954257400849849,0
0.0486582347562958,0.3557011875885892,0
0.061947016284795056,0.4690506248249541,0
-0.0881552127611595,0.4444424098917678,0
-0.08864922660082283,0.346010044273955,0
-0.08799948374386833,0.3200125118809197,0
-0.03660725450848953,0.37741143763533297,0
-0.05453259095536063,0.3759080176182352,0
-0.03501282072629434,0.38497186088149044,0
0.05827927113158388,0.3575321616508554,0
0.04882257014339021,0.44330220484718474,0
0.044260204068612245,0.46923053794432523,0
-0.004144226973988738,0.48378317331226967,0
-0.04253427415193243,0.3855563122174026,0
-0.012254320028248049,0.480013749697661,0
0.04168466579635907,0.38553792932118885,0
0.23092828077900898,0.4789680950032754,0
0.09182574099521276,0.44530895595471187,0
0.11642557564307882,0.39217395420637036,0
0.12016694647622259,0.421085233322602,0
0.09328359797270054,0.46146097493289506,0
0.10685287497856914,0.4536290573682044,0
0.0908564450884132,0.4575332884617779,0
0.14671909147004902,0.515815582639475,0
0.1541320371312263,0.43324375770122314,0
0.1284584831300783,0.4941213982024363,0
0.000248825561378313,0.48476935544460603,0
0.03074066192209755,0.5723552742322626,0
0.05376054867861642,0.5458907213886427,0
0.07098922870470525,0.5078824576970065,0
0.05175009823480386,0.47760634683516545,0
0.013369255578273363,0.5755752607758974,0
0.03325359406423893,0.4477179133088216,0
0.10215608158389335,0.5558419131052253,0
0.09503323489123526,0.5410811372555353,0
0.016522394512713715,0.5630147542619084,0
-0.019511710376853106,0.545697856114731,0
-0.02437824751932673,0.6016161501066704,0
-0.0435178178493968,0.5680923608909618,0
0.017144615922822654,0.5147656698744575,0
-0.012776845354706048,0.4643008827106173,0
-0.021006586182753792,0.4248103558122993,0
0.015147606849676448,0.4727244120210009,0
-0.03572929503756769,0.4137924672438752,0
-0.022196452873964538,0.38226921866560515,0
-0.07196160228644799,0.3463302968396651,0
0.03777127543047701,0.44326909443026874,0
0.04369331004214569,0.38331763418896186,0
0.035637334498588934,0.4043017003981581,0
-0.02905858797588528,0.5089839626455012,0
0.017576975780183496,0.44776411415647294,0
0.0635437088813097,0.4265675793612311,0
0.11056828891352712,0.4480479509653702,0
0.012430367556995017,0.4277420567267917,0
0.14823675079458715,0.30782848926565665,0
0.08944557730524486,0.388928812642776,0
0.13107184036783984,0.3745592797256481,0
0.07518221857690036,0.386264216173607,0
0.024822803973535694,0.31783951553538864,0
0.04154957989625685,0.3431888169439191,0
0.0676681406830892,0.45351092303551965,0
0.08793270929401366,0.31908590347171656,0
0.11527835211325788,0.37276468817050273,0
0.016249615108157298,0.3854745145790575,0
0.08902014193620991,0.4626876075660691,0
0.06430610658310422,0.39966383539929107,0
0.12650408583612638,0.5322993339877812,0
0.18192593132875898,0.5299042922587749,0
0.11168326759557518,0.48784592416459505,0
0.05831394396609967,0.4686397738108135,0
0.05946164266381072,0.46014871265723584,0
0.08571774924391172,0.43512304144965686,0
0.09600329743051866,0.483814807945462,0
0.10920830300657591,0.4233342923771924,0
0.10931373512966226,0.5545761645932585,0
0.09004810256528294,0.4452138791598274,0
0.015958157990514032,0.5266106823705041,0
0.037647863413853316,0.5528859822843507,0
0.04325793939096619,0.48824418760372396,0
0.12149067579388068,0.3384874039306819,0
0.1442837508501962,0.39177259536656867,0
0.09955914936278235,0.39972604610298196,0
0.19087920956290866,0.33801023254760837,0
0.1258108181801702,0.34804584215749335,0
0.07424181776349537,0.3529628380618292,0
0.18904429306967752,0.3295666224382329,0
0.14661871619388805,0.3801871880835825,0
0.1102594479000372,0.3257115859524094,0
0.0063636974692644205,0.2795887999222507,0
0.07564121494190655,0.3951882963629759,0
0.002649323468184292,0.35337902964436974,0
0.020788521731227444,0.33454677640415403,0
0.04387948356877629,0.3966404141226926,0
0.10530454732517246,0.4306435786074599,0
0.07045020227505315,0.48693716458506353,0
0.14489482825361058,0.37785093321498286,0
0.2092191988400925,0.37097814300768306,0
0.21086276508748725,0.39654176753962433,0
0.15504605709196687,0.32823048840054203,0
0.21808339670469165,0.34842182932566007,0
0.12486470486898833,0.3900816546904856,0
0.09290683775948261,0.49200783278047877,0
0.15057251924470844,0.45674317715166574,0
0.1389416248512655,0.5117492478905933,0
0.10910523054637908,0.49962245439364156,0
0.02254263398672511,0.4152250573071348,0
0.07937295016414303,0.45440365125318566,0
0.17788279764427084,0.4341710473799646,0
0.09590783582161401,0.4120428936293069,0
0.07132959409759587,0.4080772112130693,0
0.050928733488386564,0.4164466869404778,0
0.12882649263444154,0.4938733301557747,0
0.19077076244700902,0.4966934450115531,0
0.15598985540383367,0.49264939769120575,0
0.18205945220523503,0.4030207811604492,0
0.14974622566950613,0.3822067106420823,0
0.16211707216033447,0.41659751176583387,0
0.1751077785127425,0.4710544438137907,0
0.101364886185974,0.5321515156250538,0
0.06468313894603975,0.4687330610512112,0
0.12184853543760191,0.4510099118405397,0
0.20002423431840238,0.49157195093130857,0
0.11855284083022162,0.5835620259005525,0
0.07950343713432098,0.677289188694208,0
0.06433566312164243,0.48578206866931484,0
0.06239430452203493,0.49561688841699064,0
0.16903193079533013,0.5203457838817012,0
0.12168710904243338,0.587482972234183,0
0.07500397888435319,0.6640348635370001,0
0.11955694739141498,0.6809542208365267,0
0.028894127147068155,0.6047389234174472,0
-0.011011040826960958,0.6607748469485951,0
-0.04900635055323361,0.7957839564041684,0
0.022328202280001506,0.6755536217183746,0
0.04529685967042845,0.6594881048532298,0
0.04730734266034511,0.6145406562543682,0
0.07505152159914928,0.6291600311799098,0
0.10119951140938663,0.6328010394354525,0
0.12274614720233036,0.6635298464193344,0
0.06371519645503741,0.6166037740076079,0
0.13877770233698386,0.7288995041090574,0
0.04367796118696375,0.632380997726277,0
0.15789383977302845,0.6733574277000133,0
0.130021855294344,0.5679242085099732,0
0.09495355443886537,0.688989719081514,0
-0.015149483965013227,0.6142338491695435,0
-0.004206319455414626,0.5234040067064132,0
0.0744934300101363,0.5877663780855674,0
0.09154904808369446,0.6054220585234048,0
0.1277126603859341,0.5594662964587533,0
0.0772201531890076,0.4796005315127341,0
0.12999941823812328,0.46383812844469685,0
0.03537008945619578,0.49440368562943116,0
-0.01704819618444387,0.5023738401233557,0
-0.11001675116326842,0.36160264385219903,0
-0.03710395373497166,0.5346021226003208,0
-0.019947108769302134,0.40669665043624614,0
-0.034017189208696404,0.47906248372238264,0
-0.07183727315629632,0.4714994183834273,0
-0.053791534345791175,0.49732398476838713,0
-0.060561001976910715,0.486938729436812,0
-0.043096902935661416,0.5670412366975841,0
-0.048354665754598056,0.452858545452555,0
-0.0734519787209201,0.6100649838556064,0
0.011187497871740823,0.5556312847322114,0
-0.028122637181424,0.5530027720205775,0
-0.044669760942897804,0.593357869131895,0
0.029190927384410426,0.5940407532901126,0
-0.004163556360742907,0.5913317971334422,0
-0.056953933070120435,0.6250858626651031,0
-0.044417654038691926,0.6030684640366528,0
-0.05084115728446016,0.49415487482519793,0
-0.07520664535539794,0.4351766356936855,0
-0.021239940677277767,0.4758285396197313,0
-0.06730818365761201,0.5048169744034021,0
-0.0680786944353534,0.5489859208438053,0
-0.10693739567626957,0.5553258977042542,0
-0.14349813239574355,0.5938613397295237,0
-0.020050364753173483,0.6544694029263963,0
-0.04335474889210589,0.6298384309446129,0
-0.04009598426691724,0.5822262251617529,0
-0.10447582846994836,0.5930307923427165,0
-0.0987636936527683,0.5100447251440702,0
-0.03202640625802086,0.5405769150733578,0
-0.07611388316617962,0.5562154984081022,0
0.04499909212489418,0.6167894524111138,0
-0.021955675972043884,0.5354991568092984,0
-0.016969273261632247,0.5965879607617731,0
0.00103297170431213,0.6318694820227172,0
0.006248769020251007,0.6342188327770544,0
0.02324185009195555,0.6303140256597108,0
0.05046912479311992,0.6788574320398809,0
-0.043221160622009175,0.6224838925920908,0
0.04193827136022439,0.6720159352496095,0
0.02628119830274547,0.7069241681729178,0
0.0967684107287859,0.6591503275402673,0
0.0857519761147297,0.6530096207323599,0
0.0037265728820059935,0.6731330914221314,0
0.010673187308996641,0.5825951396811184,0
0.0303126658246069,0.6986760060048433,0
0.04395058954797176,0.6742344074225034,0
0.13399066994671172,0.6468834321173773,0
0.09447467824246039,0.6749833857714899,0
0.04094102941897804,0.6068252883494013,0
0.06815145174506239,0.6308624990875049,0
0.06805572500885669,0.582449483736133,0
0.08111115070289146,0.49746553405599925,0
0.08780908401452442,0.6075496278867093,0
0.0776239333115947,0.4881770370691046,0
0.123375600285802,0.5477384247495819,0
0.12334787333396775,0.5245512950889105,0
0.1402899285197099,0.4921121304249783,0
0.10218417822244827,0.5789257732040056,0
0.0803015801126231,0.476434158457289,0
0.15651633911382357,0.5377752815545314,0
0.13936058527680759,0.5341490190183332,0
0.17898292066742694,0.5579477129454864,0
0.18163603406427986,0.5510825897664576,0
0.20018079795837954,0.6632691477128452,0
0.07249217779210612,0.5103493250592079,0
0.19237035009802295,0.6038570777344211,0
0.11022311334895328,0.5360750278468491,0
0.08887903083585508,0.666507461119509,0
0.0971567440614496,0.611938094866363,0
0.1162072610238157,0.7286963988547461,0
0.054023617180609,0.5753953936278864,0
0.031428516606643184,0.5978961311593454,0
0.06388366715241707,0.643272982421342,0
0.11892928715020054,0.5641313543124431,0
0.120797939176796,0.5703080682515634,0
0.03371227087303855,0.6030566597668651,0
0.05092486306606131,0.5426825226351718,0
0.1627712024452302,0.5295849502842891,0
0.11881561593583403,0.501666298213875,0
0.20346955495809965,0.44454794626931177,0
0.219240812925233,0.4532409622310358,0
0.2412068854447204,0.4802710348177552,0
0.30772658305149503,0.424580081333828,0
0.23584962706595175,0.4919711169881834,0
0.160275817286531,0.4128923855789517,0
0.21858751268270435,0.41829895451730037,0
0.17156250264819375,0.4211816465853512,0
0.1370080583119753,0.42817149168740287,0
0.22736236312569344,0.3926917374226648,0
0.1790460886250958,0.3890015271137977,0
0.17490994413882902,0.4234630235018818,0
0.24949566691366215,0.27614829384458606,0
0.2447869688285761,0.3663427298295251,0
0.26974115616497846,0.44944056233295154,0
0.2606550939846936,0.39323844741758845,0
0.29541677114878123,0.4203044905098867,0
0.22258840206382122,0.3395956999883388,0
0.2748633136449366,0.35721539210881126,0
0.29725312750133326,0.29557183363440165,0
0.27280168922936116,0.33215672492683,0
0.24140456922009454,0.386962836133522,0
0.20090845660458823,0.429731848023449,0
0.3330691754898525,0.37625734080167467,0
0.35606947349286555,0.4207936491474526,0
0.4116823005090883,0.3350417750371242,0
0.27902384006791064,0.402121787814054,0
0.24812321861852754,0.505436728359492,0
0.20669428714587768,0.5116513654767852,0
0.19385651084354205,0.42606961862182186,0
0.07007038577263822,0.5087667295399463,0
0.0758901303722848,0.41977844655901336,0
0.13732844005747644,0.4130333987421956,0
0.17128169516684666,0.5038628576907463,0
0.21962888468221362,0.41777590792388464,0
0.18503438930417795,0.49670857623902837,0
0.31254512106669474,0.5060605361197981,0
0.3793990286004821,0.41976028183325803,0
0.3228990765837505,0.4007373904642223,0
0.3616525580075521,0.40976482968487365,0
0.1854707035375175,0.3491234496975082,0
0.25195726321081674,0.42799742238378335,0
0.15459982847727832,0.3788918941386596,0
0.12809259425161051,0.3300450222608415,0
0.19799649297331373,0.3560918364860613,0
0.20431690336090177,0.3447843350686889,0
0.14900798177820804,0.33493033475946804,0
0.293737198944237,0.42242246999016336,0
0.26407698012189773,0.3426039384544236,0
0.3200834948068824,0.40425592816069467,0
0.2961390685956406,0.45063755257007304,0
0.2958082374694713,0.3767907461998471,0
0.3594317749799828,0.4100305433919071,0
0.2761779318770102,0.5212455177651412,0
0.369068481907053,0.4624308204849612,0
0.35892001170249255,0.5095086715791756,0
0.3405368248737893,0.5738705143192713,0
0.40146206445112664,0.5895370206656327,0
0.3749039601298282,0.5890697009717112,0
0.36961068443130585,0.5045394709679828,0
0.37118453295813614,0.5100133991081168,0
0.3213466371782687,0.515170170446605,0
0.35278226410576613,0.6095176435690207,0
0.4234075123241629,0.529383141019182,0
0.34413357440266257,0.49250287553748273,0
0.3075905477152259,0.43752933375785347,0
0.3587445390653197,0.5600237007725439,0
0.33200205064854443,0.5182011769085656,0
0.370747185607199,0.4911994033573287,0
0.4839764999738183,0.43256357285287833,0
0.48032740354843195,0.42431259266610216,0
0.42939550261760756,0.40128333473959593,0
0.3318455161808681,0.3906153981840481,0
0.4677713775762028,0.2892915796400178,0
0.46160100908444673,0.3278020492144266,0
0.41166750565895305,0.31710136507488584,0
0.45307606293435354,0.27220063149203927,0
0.42895586099127986,0.3154213251180714,0
0.44221944081879094,0.32010638386115553,0
0.4434961442463515,0.34615893760406075,0
0.417098395085552,0.2567540339011605,0
0.42571748920496943,0.1635566627935236,0
0.4356162932055815,0.14573627459407923,0
0.3928711090464917,0.18934810667577506,0
0.5242288978368617,0.29487967496939577,0
0.46459686337014255,0.2247898972350036,0
0.4363827803742916,0.22290254810003382,0
0.4085836770973008,0.15707901345078173,0
0.33755339720658006,0.26826126776147685,0
0.32061287804157745,0.25623656077508394,0
0.37446469042667835,0.26631964394720686,0
0.28865736884953225,0.3385748747332737,0
0.41246192901527556,0.3546134105792434,0
0.3113425302719856,0.2895718420520902,0
0.36914607074839145,0.25857933877711603,0
0.3460281950488731,0.41288627366581676,0
0.331616868794974,0.35205734440424946,0
0.3093725116620714,0.34897414510749863,0
0.32637980583786635,0.4254904305947405,0
0.3094446829796662,0.3859346314683572,0
0.3991768428462232,0.349348691788579,0
0.37332758944701316,0.19172309170401425,0
0.4240292276295552,0.17997267937551512,0
0.3663712541571159,0.09998476392715079,0
0.3873334548336811,0.16460667046822916,0
0.37075388029259954,0.20564283218897808,0
0.38397026212281354,0.1169615611537142,0
0.358884076970596,0.21135799918942114,0
0.27876593618015416,0.14439012113757924,0
0.1910785052946104,0.1158003736086866,0
0.23571705231168463,0.24078381468982646,0
0.24131479450376297,0.22712221580561542,0
0.3219407305948873,0.28617168050621117,0
0.34471597074272176,0.32780229169709796,0
0.30114811752310455,0.2912949149883777,0
0.2874498265177352,0.27650358103874234,0
0.3912754315217164,0.2939750103969313,0
0.3965660033102802,0.3437238439496113,0
0.2868642056908969,0.38963961429114957,0
0.170159202926803,0.3568785703668761,0
0.2890162035302325,0.4471724808064468,0
0.19651531179709408,0.4126124072198994,0
0.299825026641932,0.35093115423352833,0
0.21802509378701898,0.414017613397601,0
0.288106945061197,0.3990275032228441,0
0.25464447116109573,0.3017129347985805,0
0.2611191479629062,0.43876598934893346,0
0.24613069072102733,0.4041535195765902,0
0.2818527331308678,0.3332155978976825,0
0.2002854511252471,0.3913599292120762,0
0.22455852048793426,0.4259217272441825,0
0.14528675385257928,0.3143608683164913,0
0.06406076179993314,0.32829605538242757,0
0.033137319815657686,0.4784896922075782,0
0.17577958388235143,0.40469471738365814,0
0.20101202178545755,0.3821140833991613,0
0.2806516854511315,0.40631939553173657,0
0.2768708492867523,0.38161744463503083,0
0.29549120946886903,0.42854958698662293,0
0.2353400824462097,0.39805734073464905,0
0.20662939790375226,0.4107761210499385,0
0.30817199126518263,0.4030005894201035,0
0.19538448217969628,0.3497142485129708,0
0.2799233646323805,0.29674019469844065,0
0.2225450458752272,0.3029368552637094,0
0.2576473400584725,0.3089710278250391,0
0.1680834427628614,0.3489671699169214,0
0.14611898940478535,0.37779278321726195,0
0.16911239725347182,0.4271047824567379,0
0.18943354519469535,0.3759192137934032,0
0.18764595430744088,0.39118940273788755,0
0.19868828331684418,0.4076943584449091,0
0.1363555823618653,0.43880421291811555,0
0.1638693755853402,0.38416831955229136,0
0.2694331455346126,0.37248485818413024,0
0.18909526243711772,0.4805630406306633,0
0.21557624992100544,0.4919294404023058,0
0.2831151632984682,0.5294062266366969,0
0.2913357304410331,0.4644958111422294,0
0.3194815803293462,0.5020091205562074,0
0.19967945954254618,0.47460542145810963,0
0.2074329648798732,0.46863484373433223,0
0.23719402304573262,0.5275101713677466,0
0.19306693906732206,0.4866772480486542,0
0.2096871906270384,0.5595518623769533,0
0.18374547311058062,0.6111050267128675,0
0.17125945934314082,0.5280247154450796,0
0.23186275482802077,0.5126271261217389,0
0.274234422748323,0.4870384186453934,0
0.2265500208732169,0.5335977289684346,0
0.19432277299477896,0.5460866204185738,0
0.2519948617209007,0.49142812282720544,0
0.23079887707189692,0.40555803600392976,0
0.20135388876471214,0.40878274427617906,0
0.22869373911890617,0.5523327909590987,0
0.16032411101851507,0.4817766112534737,0
0.1351945652205383,0.5350373862911179,0
0.08181583265617476,0.5037353164010748,0
0.04962251323537553,0.5031794629775398,0
-0.000206893614473104,0.5002305932418125,0
0.04199943046255711,0.4577500553174324,0
0.0046906125146628785,0.5100290841640527,0
0.06363145960127006,0.5239677316954415,0
-0.04625178777372932,0.5087630833515664,0
-0.027254338323116172,0.49342315450017177,0
0.001541502313102322,0.44782120422059274,0
0.021280968079215964,0.46313352678657094,0
0.10345924902870984,0.36889763746343807,0
0.07272928879692259,0.4131524729779015,0
0.021044217842395616,0.47724447446134655,0
-0.004051003998769245,0.5091686782580981,0
-0.02473183735573888,0.4709836194417201,0
-0.012247997822767255,0.48715101372064523,0
0.04908442350076301,0.4074759898793127,0
0.0009540335571557104,0.40082054430964364,0
-0.009648244433022153,0.3877602155325629,0
0.028766739601318474,0.33623883833969853,0
-0.06959068664264922,0.2912825176768926,0
-0.10733299673746763,0.27672250898673595,0
-0.027799167335411656,0.3745036361531558,0
0.10791252997082695,0.2719907908177713,0
0.03513269849528139,0.33684538815936715,0
-0.02774569124439337,0.39797001855269165,0
0.046027724638031564,0.3833537545307847,0
0.10187913440254551,0.2880136687032753,0
0.06883400233022367,0.39226711005041387,0
0.070591544097124,0.3918320987532887,0
0.0006325086127523388,0.3624377692437826,0
0.021079002064627497,0.27324658090525883,0
-0.14364552887314402,0.4304119481856702,0
-0.05078797387375146,0.33746901476112035,0
0.012804989354323781,0.2750025594146539,0
0.07845598897669952,0.2061316724053028,0
0.041183614278661476,0.36292364619862527,0
-0.015841920699122207,0.25885122414925443,0
-0.06347936532112958,0.2920162069873352,0
-0.06306012781369531,0.3852314176446332,0
-0.09762274451660416,0.3086663916726449,0
-0.15601456068190148,0.2492630093805691,0
-0.02665785596071865,0.32676407590608675,0
-0.15014184779594403,0.2722305051620259,0
-0.1624660014444005,0.299714993020559,0
-0.09510116390377248,0.3236047418969411,0
-0.15981598959103982,0.32123169326776807,0
-0.0956183385210223,0.34755131444610854,0
-0.16800189812608401,0.28246024423125066,0
-0.11390982181880097,0.2543620970117946,0
-0.0974820140280986,0.38115619178479854,0
-0.11046484906318942,0.4281150151133643,0
-0.0904505161999404,0.37718232341477775,0
-0.1309131942890066,0.43885892024333095,0
-0.0447108276478131,0.33768495739321813,0
-0.07303264041470942,0.3679998128585596,0
-0.07777228457515392,0.38629192786901,0
-0.09879720941538873,0.4337715774688916,0
-0.12316033157464892,0.4859974929725382,0
-0.08389807086550058,0.5015736063688703,0
-0.0470602543099583,0.4064625927343856,0
-0.1723854967761283,0.38589765119238795,0
-0.08675491950116035,0.42673800418014796,0
-0.18411520119150093,0.45356372620916524,0
-0.12932156749654625,0.46347990783207643,0
-0.1327676641452252,0.3286514313218082,0
-0.12059411512162613,0.3211062428134438,0
-0.04785314065860882,0.32834908341314517,0
-0.11174656572683311,0.3006550832094677,0
-0.05945611053997738,0.3183536312739401,0
-0.054401314828539646,0.3134815547291174,0
0.04162784279132582,0.3090001841700947,0
0.042197201745795734,0.2062355042093701,0
-0.03210673026655082,0.2520679283694294,0
0.01570611335672318,0.3237157942650052,0
-0.13437469494541182,0.30774780908666954,0
-0.05570463053119755,0.1771850332472764,0
-0.09861388657067968,0.21733713919612674,0
-0.056502362809330096,0.3371062488018304,0
0.0603986828820963,0.34569216819727167,0
-0.05427537471787545,0.27151191136282654,0
0.008871024486700803,0.2488465227135389,0
-0.12213334147814336,0.23039625290782648,0
-0.0993212943367007,0.40242066982156316,0
-0.05648564639267601,0.3710532152874971,0
-0.08506061683339868,0.3709881205379537,0
0.0006075790241671097,0.3966770039328736,0
-0.011101391562276085,0.4455894742639689,0
0.004596659141987168,0.3888050007749677,0
0.018392760398596282,0.3920013782706047,0
0.03705617153027481,0.21294088640947262,0
0.04417000707727893,0.3027628249954583,0
0.0324394836337977,0.2914596072034373,0
0.07679696084738946,0.24418448458076958,0
-0.029633034907008513,0.20304997661616314,0
-0.007674425753435819,0.27438180841029874,0
-0.06375592021178994,0.2702792886700392,0
-0.032368914230919546,0.28993144226466716,0
-0.019744643303823816,0.3354021196236197,0
-0.011805872095271628,0.28092466562604046,0
0.06541680079940569,0.32300412134365886,0
0.043408551304088445,0.3814556587248803,0
0.009286457032166018,0.270449027188208,0
-0.031295343500246264,0.29871273137815413,0
0.04661796948657723,0.21922777070348268,0
0.033022661820899295,0.25241207694597245,0
0.021126123470441942,0.35702179614741997,0
0.047016745685696484,0.3180017587859294,0
0.009648548477861042,0.315005717029544,0
0.012966714582644192,0.40878740435513927,0
0.03130714606867881,0.4600367768430126,0
-0.02777660467727635,0.3774332131992622,0
-0.08476181819202708,0.3522825390324126,0
-0.10660235165399312,0.3895419388474971,0
-0.026306663260577248,0.351344985586276,0
0.023847398571511372,0.5126911459919731,0
-0.08257463358143907,0.47133170475937736,0
-0.08153078062789737,0.5259756954844153,0
-0.02760748064351018,0.45522562083110785,0
-0.034625726009041576,0.43844716106976217,0
-0.04396653170658288,0.4936049265690708,0
-0.08719156257780018,0.4896524603892861,0
-0.1328999936703922,0.3633148541708741,0
-0.10672514683747356,0.40937437047154074,0
-0.10596322222496264,0.39425272739017303,0
-0.09136417473186392,0.5015395409006704,0
-0.07944061041046024,0.4156568848477297,0
0.0009524939580089903,0.45856448070726236,0
-0.008540817647501463,0.490939594932033,0
-0.08903682085791391,0.45876431779659677,0
-0.13185433911967775,0.4671659846472018,0
-0.15811862006968797,0.528287309250811,0
-0.14314579729247237,0.44418098971491665,0
-0.1482955155876792,0.4216603167012729,0
-0.14156440955495386,0.36778267860782515,0
-0.17423171778318416,0.43022147627066354,0
-0.08463790119831427,0.3992225825568425,0
-0.11041886333577013,0.4378140107726548,0
-0.06085353993939656,0.3022856064292687,0
-0.014215769210154341,0.2542557938431631,0
-0.03000095680020651,0.19929237299518546,0
-0.03502687062060785,0.2000135833401333,0
-0.007573019520861729,0.21245470267964808,0
-0.03653995833628788,0.23152949053219854,0
-0.01752893187542486,0.2810747405468059,0
0.040380288959250374,0.2867833273239664,0
-0.009113657149090654,0.2705648585929348,0
-0.056197174400352067,0.3103882674751422,0
-0.01937355678677101,0.40734965800790374,0
-0.041232631748793915,0.3589772385694135,0
-0.03444203585446668,0.37080648781678643,0
-0.002238077975150049,0.279216138767935,0
0.033149919553686374,0.3410254994448535,0
-0.004626255045710098,0.37855088134092446,0
-0.10329829039595782,0.2853847762618129,0
-0.06246417340753179,0.30291236064699995,0
-0.0683506414932563,0.22646786204476785,0
-0.07752951241718722,0.21596254169875406,0
-0.0593648829541258,0.2068696454555135,0
-0.09913464985555456,0.22893837304911868,0
-0.04853395665358515,0.24466776498952228,0
-0.13415182375966722,0.3174818201417715,0
-0.05175154707781382,0.3096209991660261,0
-0.17578504086953375,0.25267779977929755,0
-0.1730203756302167,0.31811511944917176,0
-0.10668852822444436,0.2923243137575721,0
-0.08647881525168755,0.4206845273745065,0
-0.1281313205572246,0.3006700782260219,0
-0.10782149945536966,0.32244111694738614,0
-0.11773127920186184,0.31517887781725945,0
-0.23121114239194762,0.21029550074105577,0
-0.1627599970749154,0.2800886402755821,0
-0.09144948109513908,0.30298523830166507,0
-0.010659002807482137,0.26301148075967495,0
-0.09548995921248787,0.20377219293260407,0
-0.002066434780855525,0.19647796081380806,0
-0.015156648035486877,0.182469062723841,0
0.00510006546029282,0.2589519004327027,0
-0.0013747868695050784,0.23797078229412658,0
0.07134650599979828,0.22144878976258917,0
-0.03671837970882556,0.283057347412557,0
-0.07980302302730868,0.32549849578997214,0
-0.12881237569801252,0.42475142776028,0
-0.15410081764106828,0.3665452447368046,0
-0.1663114127499374,0.36981549366823535,0
-0.07315086085103853,0.3873660279470383,0
0.011502875072527938,0.32012448710479174,0
0.13041091479754388,0.30745416907541573,0
0.05021754235365192,0.37829492223236405,0
0.09024113111988014,0.40210412056878997,0
0.0636426353094313,0.3942465987121327,0
0.05821927752327909,0.444823063442026,0
0.049406392615414955,0.43444634025866663,0
0.04620896328788954,0.44678094452904876,0
0.0722577807269557,0.33849084103453775,0
0.07787526890460524,0.39954205550695715,0
-0.0003466835193000478,0.4411795589374837,0
-0.03142524035327157,0.4002422323344111,0
0.034717915297869884,0.3429371122237231,0
0.043371546482497345,0.39535162385533246,0
0.04575255362900644,0.38153101813262164,0
-0.02191557382688119,0.2699597667009509,0
-0.01875451412827474,0.35648969694742827,0
-0.12939872014500725,0.3082412469799748,0
-0.06460421975757955,0.30994660748621616,0
-0.022453028286010424,0.2861779310155525,0
-0.09106976576236751,0.40077755047763663,0
-0.13193718778482838,0.39986585842977157,0
-0.12290703885887667,0.4101546493135075,0
-0.05841408149691213,0.3864851788995701,0
-0.07063172649676856,0.432177711451404,0
-0.0359343622208045,0.3780630427547962,0
-0.13952815149205527,0.4257925810901249,0
-0.1619602851997555,0.5109359907597721,0
-0.10874146727719039,0.5196167575810601,0
-0.042695755013249306,0.49005504504397535,0
0.08537009111342973,0.5085026741660893,0
0.0404714442885941,0.49151715487806324,0
0.05685262223149337,0.39898727296121456,0
0.0768268583338441,0.42496022143939116,0
-0.004897262850432377,0.44534629438696677,0
0.03300274550638722,0.4468974957660092,0
0.006872250911859969,0.4759280980097299,0
-0.08094045469421365,0.5039794751115727,0
-0.05947987638755446,0.5232054093059779,0
-0.001018630328530938,0.4911199574868136,0
-0.04994984613314807,0.5758799756635232,0
-0.07972174724498132,0.5564537433444369,0
0.014745049309458122,0.615062397246233,0
-0.02997206254448021,0.5497634578521652,0
0.07237933220090914,0.6190398032211439,0
0.05506919782335247,0.5793228839592992,0
0.031969717251986,0.5896537710119031,0
0.07308937521791425,0.5270235440314948,0
0.002291847956988294,0.6075983136046533,0
-0.04287549840312408,0.5856351420297062,0
-0.05375329294995467,0.6303109947680668,0
-0.04073616584797201,0.531923906759664,0
-0.049782915342639684,0.5303420067010407,0
-0.0031114081598702173,0.5568029410603053,0
-0.0325925873408478,0.5262182540938178,0
-0.07216172553094252,0.5035502358021123,0
-0.07857605936076802,0.4852611585130157,0
-0.047514560111985,0.5368264182140811,0
-0.1335444090421297,0.45948529154622464,0
-0.0848056029627494,0.47312160618661053,0
0.002919228737415208,0.4826465477168519,0
-0.11237233173620675,0.4684403067426127,0
-0.09871486946630825,0.5232437994984881,0
-0.12981320031635266,0.5118248053840979,0
-0.1969296379930901,0.6185028850345917,0
-0.2505580275932704,0.5425672103213425,0
-0.16609804368465075,0.522891916393208,0
-0.11125868259933192,0.6321304936468546,0
-0.137817053736776,0.6466615266508994,0
-0.1125646599053922,0.6270495453485208,0
-0.0478175973111056,0.6164347664122661,0
-0.012685714759853813,0.512797209759562,0
0.011804157972664112,0.6270118181831262,0
-0.017762833650548406,0.6431893553885536,0
-0.052458093891363064,0.5554994722916472,0
-0.05212145028457106,0.6062027362796054,0
-0.1374400857712432,0.43585529485494345,0
-0.13214625175225303,0.5063369695745782,0
-0.19820688439075057,0.4956348460260189,0
-0.13156265708624892,0.3863388205286354,0
-0.07246880764017734,0.44580062975656604,0
-0.16467639319021987,0.5220677048898454,0
-0.18639365257991153,0.5072917663417537,0
-0.008465162001789484,0.5326234467319908,0
-0.12805124703572102,0.5876242662580364,0
-0.13635131129948677,0.5379875983992871,0
-0.08688041877621902,0.5040339984301422,0
-0.038022140079706,0.44011388604129076,0
-0.043694543423997804,0.4800718689209874,0
0.016254938262233037,0.4896850924685869,0
-0.0434135080754012,0.5544275037793578,0
-0.013590925265529883,0.5695169776005292,0
-0.019837526156768835,0.5219977484782325,0
-0.13425241971033236,0.5556667721780318,0
-0.0200264382730357,0.5128782962941825,0
-0.04396266941341019,0.48485223034912805,0
-0.03841895083142838,0.5710515878986308,0
-0.03524040194753186,0.578609068738823,0
0.0032573759278265585,0.6537598541544002,0
-0.05370874462374141,0.6483090093590503,0
0.004025265971422935,0.6772193361793902,0
0.0037408958108880804,0.5970185193548212,0
0.003016998761335604,0.5788306494020147,0
-0.05087080134074067,0.4827856558931468,0
0.01373579398656858,0.4428483983364821,0
-0.03253105596634429,0.3981573712447104,0
0.025635912816825757,0.4371361422543336,0
-0.022370932828992524,0.44997019933945603,0
-0.07274991295362018,0.4674029484044411,0
-0.04149491416230358,0.5348671131605791,0
-0.060607635317125104,0.4078825029209113,0
-0.09708125426945227,0.5000428928030405,0
-0.09655767428364811,0.526460116554416,0
-0.0758603147056638,0.5084424466933789,0
-0.07741370404245915,0.46523050231785,0
-0.10466907950558313,0.5061664823675665,0
-0.010022771495872301,0.46980127117901127,0
-0.0757206507770194,0.5036164992809936,0
0.018344752742256457,0.4507438943903216,0
0.006245800748488347,0.4225893368971077,0
-0.021753963322757613,0.413181707084039,0
-0.009402979763769748,0.42598244249578027,0
0.04169552849082128,0.48959158669799085,0
-0.04671073818538808,0.5081400437718989,0
0.023635417119818508,0.5238205131240953,0
0.028198865942078932,0.5908342825279651,0
0.07512668074573953,0.525490623134835,0
-0.07639097385197124,0.5611230881854171,0
-0.1302558782905092,0.5780631294057771,0
-0.018327126066594437,0.482347707929279,0
0.00599072616296676,0.5835475596321564,0
-0.032175048831162324,0.4388239000573929,0
-0.12007259311814192,0.5823250323606969,0
-0.04602943704080903,0.5896525532998084,0
-0.06795225514244793,0.6369362690726992,0
-0.008520441574721468,0.6312593331092636,0
0.03750989356650103,0.5118240587603794,0
-0.03581366591850908,0.5065874386819924,0
0.004008969636602744,0.5258882637385104,0
0.08650371830656492,0.5627370162708669,0
-0.022192518673813028,0.6252758233868358,0
-0.07209884168281884,0.5620543425967864,0
0.03162644900051291,0.5461251584779943,0
0.04561653171946993,0.5024126701293686,0
0.03400390702528934,0.4865399032235037,0
0.04731278544435477,0.49697063477410425,0
0.032821006625215324,0.5299357106081353,0
-0.04214171450886671,0.4004749599831918,0
-0.05001217917790531,0.4699784184947729,0
0.08146664763485637,0.45273260842769547,0
0.023018225710434576,0.3987275945048683,0
0.0652337884729188,0.5264095208509652,0
-0.06807819657522349,0.4899107099012928,0
-0.11985014878689362,0.49359473642166346,0
-0.04850462573070176,0.4761933011289609,0
-0.04236889478001574,0.41771129772618715,0
-0.0727196376881467,0.4346437152951445,0
-0.032635643394107086,0.44145885612274843,0
-0.029741818030556047,0.6221662701078178,0
0.03478285232222027,0.6736468546126194,0
0.1057097290555973,0.5931579587831397,0
0.01968094836718537,0.6350852263974189,0
0.01746470337420515,0.6133064229837831,0
-0.04829922477644316,0.5112962560528548,0
-0.044563411428899344,0.6499985437227866,0
-0.09456571581772572,0.5554659712547887,0
-0.04188814393684179,0.5164893173742213,0
-0.04548935972000803,0.48787754864178096,0
0.029176970273920716,0.5792873227633588,0
-0.007894496786897659,0.5412752017482578,0
0.04149821384450928,0.5845519664553316,0
-0.0255233581149552,0.6022436741787927,0
0.024397188371756168,0.5939696550424951,0
0.02937933912503528,0.6266802446021666,0
-0.04492096488861595,0.6400900922499658,0
0.05218439840401545,0.6450798039562025,0
0.01408699531898771,0.6891385179300819,0
-0.022324650906474737,0.7041061495742182,0
-0.040949055907939555,0.6734975785490127,0
-0.03517723560316523,0.6429627798762926,0
-0.0032095852475157866,0.5645414074262235,0
0.03494193132123182,0.6244528644280896,0
0.08768748952157593,0.5744869357701411,0
0.02764089939877605,0.6016591016623808,0
0.07305033226156168,0.5861243496199023,0
0.09255595762653321,0.6570943092631037,0
0.13506993721044455,0.6601424130438169,0
0.01892448494639383,0.6600564845357525,0
0.10509800457471456,0.6222234535589249,0
0.0753620628630103,0.6560076815562297,0
0.021838533138010915,0.6465924974861507,0
0.13785652301520468,0.627091679810241,0
0.09530807818017853,0.6740442815641898,0
0.14245635864845352,0.6201117634094399,0
0.074364856793546,0.5742639103706191,0
0.19457845913823482,0.5974786502503763,0
0.1958658965399198,0.5589904482122429,0
0.1206932682080455,0.5426381786748806,0
0.11942647888491673,0.4997074008382283,0
-0.005506777537475582,0.6259153519391293,0
0.007847958938398144,0.6355194318349269,0
0.07566120687466853,0.604851441397815,0
0.0020949994707031017,0.7052333570523339,0
0.029906724054327788,0.6630902235600659,0
0.0035735686259612924,0.6666218387167397,0
-0.018980907887911614,0.6745598305650077,0
-0.09428268120791104,0.6855285072421268,0
-0.07101141466679535,0.7014605804487424,0
-0.08419603773657852,0.7025875747653908,0
-0.01879312527983998,0.7183245306228714,0
-0.0033244295277309426,0.7031914017018839,0
0.0073921295266801915,0.7008101473465616,0
0.006998674436200999,0.6180408567373302,0
-0.007899691684748612,0.5871103310204477,0
0.055706573615540884,0.5937206893270669,0
0.05117549249506823,0.6154115207283231,0
0.08073429243825833,0.5777388736727532,0
-0.025211161905901572,0.6403522647376011,0
0.010716069575429435,0.6442522401480527,0
-0.007835216974515512,0.6750724352195132,0
-0.11473849137371418,0.6728659313940591,0
-0.004513126128735279,0.7447234242987846,0
0.014386904787740452,0.7415282247732442,0
0.008815288073444099,0.6351918616652287,0
-0.033412744381244516,0.6608385119194363,0
-0.06082322838563302,0.7023954271494149,0
-0.03589974195119037,0.5906520710819376,0
0.046053355326256463,0.584444596005598,0
0.023669629284643192,0.7164553753111839,0
0.14266292016080034,0.6400118000886309,0
0.014560465506756659,0.609118768625731,0
0.059532258588623016,0.590312693270221,0
0.14864741422043118,0.5364338863814991,0
0.1900295479755447,0.6253807573655238,0
0.14261738943857064,0.6384128061081403,0
0.24128163697574334,0.6179005161124286,0
0.18725802348361875,0.6696836062200228,0
0.16683543788240507,0.649119633484627,0
0.23257490695760963,0.5906666157009117,0
0.1795962410314239,0.6614287978175167,0
0.10530733471321857,0.6553235740798828,0
0.21411037020142643,0.7459696946466877,0
0.13559103568969855,0.6813459159935707,0
-0.009130446674297743,0.7346770898636953,0
-0.0051437379967219175,0.7243990793730167,0
0.000913530323903569,0.7270501788528593,0
-0.03984258351814844,0.727887713918535,0
-0.007428066535400103,0.7226290540794027,0
0.007963016901925187,0.746725801143989,0
-0.03116606146466844,0.7176765194379283,0
-0.055774023760344626,0.7930531921570978,0
-0.05925671837101695,0.7379208735368925,0
0.034213478570717715,0.7091367544182081,0
-0.017012553807523978,0.6976381589142626,0
-0.07562938466774266,0.726274063316445,0
-0.10641623348148174,0.686068321819727,0
0.03863363587320254,0.6196070159038161,0
0.06679509329403366,0.6767357547547505,0
0.10809105396441684,0.5960509317697493,0
0.07445053679632943,0.6372662472847166,0
0.03416745968937987,0.6245651845341642,0
-0.062216928367277755,0.6644251652629412,0
-0.04403429196647497,0.6731373766395822,0
0.02166165665714874,0.5392801126572689,0
0.10190200887754457,0.5668253235600015,0
0.01894135471249722,0.5184561553411298,0
0.022012883329911918,0.6055682403673357,0
0.007989687484089732,0.6384257413654744,0
0.049736243252212486,0.5782223116818306,0
0.020780196197753256,0.6644923951243598,0
0.04619058370234734,0.6002468908009007,0
0.04675180379890799,0.630597168379373,0
0.023838424734425517,0.5721843705179719,0
0.022542719392102603,0.495708353614535,0
-0.0625157672176083,0.44238628554388826,0
-0.11633752015228574,0.474914755580473,0
-0.05986691783592745,0.5314749127656658,0
-0.09437013267652017,0.49401576448213214,0
-0.07635311580541947,0.4266727653795593,0
-0.1480541155671563,0.41236371211629413,0
-0.2079269299902542,0.39063084301794665,0
-0.03947106408741116,0.5028886411904491,0
-0.11674810441803969,0.5398302890735523,0
-0.05410793210026345,0.4698655547485725,0
-0.13101589998067312,0.5681576628900457,0
-0.04982785161315452,0.5269403099055088,0
0.04199558792367217,0.6664637160106672,0
-0.06205217741526603,0.6239812781878082,0
0.039406727479191064,0.6537033863503093,0
-0.04187447387989421,0.681035103597575,0
-0.04079995736951725,0.5680940461724593,0
0.05754680337968228,0.5706508785748018,0
-0.016255174133235822,0.5980529600447726,0
-0.016527781754927372,0.5943290823848746,0
0.11641329371519869,0.485151547407584,0
0.03923582586269668,0.5161824391214068,0
0.004048840660925694,0.4933209154030799,0
-0.034108784534485424,0.5008320124834416,0
-0.07861206827751219,0.48480230241588823,0
0.009771607382063105,0.4474127374468726,0
0.032340987161038504,0.5820156286485203,0
0.06589392755375492,0.5503198065647806,0
0.05262008496236614,0.5066847238516571,0
0.021909593777133585,0.559622489025831,0
-0.07029977341668914,0.45776105992924954,0
-0.017143867254559284,0.4466654987179103,0
-0.06709779874013862,0.46923649657127975,0
-0.049843489963924376,0.39059536903362063,0
-0.0253089579866553,0.3821866561053918,0
-0.03378280067976312,0.3714284213855493,0
-0.11212411113975447,0.4021838359245561,0
-0.040040508661677715,0.48609244009929636,0
-0.032982441777912444,0.5552328123323387,0
-0.14965494080009079,0.47416368174294476,0
-0.1975121898757362,0.5604187699902485,0
-0.06013169895912274,0.5358829111255745,0
-0.07101103741130829,0.42932208591371446,0
-0.10494664920786932,0.4725654551742132,0
-0.11677121759621673,0.48479671530061524,0
-0.13219412275932535,0.43787019622635936,0
0.007766529146493034,0.47502347365433006,0
-0.03998265069228677,0.34733341743696566,0
-0.08987080001149758,0.3948299894994522,0
-0.0901186963166273,0.3551988905278401,0
-0.03820146237557376,0.47364249064127295,0
-0.009686847162564502,0.41838527907094797,0
-0.04473137730547375,0.5060352365599337,0
-0.028799608342057907,0.5060791654048924,0
-0.06299258147536219,0.5954697503428352,0
-0.02076792726596287,0.58866573452901,0
-0.1286245948528757,0.5855468300632479,0
-0.12633734791105086,0.5565866371579499,0
-0.13132732875497774,0.5637943312468215,0
-0.11989716377895665,0.6280797178753394,0
-0.11408644085088537,0.5570963728428925,0
-0.09364208230551897,0.6495360187122255,0
-0.08258813807903476,0.601014821557784,0
-0.05490054312050174,0.5635645791605192,0
-0.04277318568406722,0.6070666872001393,0
-0.12095643811497708,0.6147741125273328,0
-0.09708234497086164,0.6003694204603959,0
-0.12442943207099891,0.5369571210911172,0
-0.11432613393940237,0.5099266811701726,0
-0.11169405146012402,0.40627865075548913,0
-0.0404179006524321,0.5612783478392069,0
-0.04607654745147595,0.451112992874606,0
0.004354872625527334,0.559751238128606,0
-0.032120755619340746,0.5019186435674089,0
-0.09995742953686489,0.5376718875200899,0
0.02014146991688956,0.4030188509102234,0
-0.010832834330498569,0.3828930868318319,0
0.07439962261056554,0.5200834827279999,0
0.03249077350629188,0.5097106684937232,0
0.07148536394497915,0.49909474802267534,0
0.08401028733781883,0.47651218659347705,0
0.05425311590654375,0.5238381650750799,0
0.13660763674239057,0.5475032471074004,0
0.0366288229898461,0.5197927509689673,0
0.07253899059920813,0.5672974528997146,0
0.07146316262605523,0.5402628169353803,0
0.08923295393311548,0.4685901746658421,0
0.06521914008321586,0.5843218168069979,0
0.07103552764325909,0.4786520044495682,0
0.056623294377436406,0.4593477983214078,0
0.06363399977841874,0.5195498764592672,0
0.10059888575933394,0.5246498210026903,0
0.10004402143816547,0.43244693380442817,0
0.13070191047733068,0.40236579613070805,0
0.08496809938075911,0.41267861783513726,0
0.11126273418743068,0.3979954999091453,0
0.11854234373727825,0.4254156689475275,0
0.05593816338024836,0.5195770876185472,0
0.03429542924728966,0.5114686074208723,0
0.04282484446553228,0.5328543427346539,0
0.13612314174870432,0.5307742203144061,0
0.08680786287209072,0.5541302269560715,0
0.06154653388562465,0.6408636093356597,0
0.017417018463174415,0.6399709576962122,0
0.06546415422439761,0.5509536379961786,0
0.11527347723156603,0.579364565011727,0
0.08276877555127726,0.5407955273337623,0
0.0498508116347329,0.5644597030434851,0
0.09226011249156535,0.5539178139414216,0
0.06487128815847121,0.6366036414253806,0
0.1801610064747384,0.6708204010516439,0
0.1362245780345035,0.603869729919451,0
0.19792252117204429,0.642285570121687,0
0.06625119561922288,0.6843376646193429,0
0.040699748988595505,0.5668476381646889,0
0.14325310094289082,0.5940673923310528,0
0.14853188942209952,0.6245517585986426,0
0.11170291998881807,0.6534272891526924,0
0.13835986982621407,0.6957037298127592,0
0.04689470566920108,0.5572676836882504,0
0.05293296576605256,0.6046900811481662,0
0.09058568760919312,0.6110417446920611,0
0.15524316505077806,0.6523919353333838,0
0.09652771790169792,0.6422617525390563,0
0.10503183353658462,0.49353604881149477,0
0.09563373142886296,0.4675251195102988,0
-0.01287478157234305,0.4723420806128127,0
-0.004887461724088132,0.4209898391884285,0
-0.04540658143708798,0.39731695757974933,0
-0.055256476177058894,0.32612082182358726,0
-0.1043465633043062,0.4335007978978167,0
-0.05243973410515162,0.38092733048487876,0
-0.08981704616472362,0.4867607313136495,0
-0.12864148865767708,0.4190926905892204,0
-0.0006635766900922047,0.4471767383985212,0
-0.04739004039855045,0.4937186618771362,0
-0.14064292588943386,0.5496060152387561,0
-0.041013070557344905,0.554609687766297,0
-0.007780668349368469,0.5015508492422243,0
-0.06793793289877559,0.5503585138075773,0
-0.04859097440574865,0.5674226405498917,0
0.08510431054164887,0.5259215708037279,0
0.03650878316627579,0.6113370975139188,0
0.016046286800470336,0.5921935152470376,0
0.12993256861922486,0.5825409080950447,0
0.0894612190525628,0.4327008923416661,0
0.13388633385998908,0.47391192487904493,0
0.048694410779273514,0.3969999675381075,0
0.12440615035860751,0.5122945249654424,0
0.2262671678689851,0.48537536006043236,0
0.18680971337782853,0.47997997852581176,0
0.09718733309769521,0.49407417628937655,0
0.16071073532503255,0.5350929974963738,0
0.14755389287454665,0.5384406061599553,0
0.08468575113704248,0.5602814374038976,0
0.03082885071199854,0.5622229624352878,0
0.08891962648484561,0.578435449447996,0
0.14987933764628278,0.6143791624048909,0
0.0625198134807167,0.5334481597984178,0
0.1985073408680899,0.5818176180476401,0
0.1311439346643125,0.5919681085275696,0
0.1543943440731786,0.615759025859479,0
0.12851535199124048,0.6041806518626434,0
0.11871784628222497,0.6031854967129872,0
0.1550221277128866,0.5765017487091931,0
0.15707037987094974,0.5565832420335599,0
0.10303192912554666,0.6170256539750055,0
0.07219951431457525,0.5435710659289249,0
0.12107753562089997,0.5820945639846651,0
0.17158596052604017,0.5151699222348048,0
0.18266554412786984,0.43817805561895706,0
0.10365051367211048,0.4699341956146683,0
0.20477231018673783,0.42781761556495745,0
0.037301771218063884,0.36912600763749925,0
0.00024844760232167057,0.40181201000107053,0
0.023297913001285156,0.35483198683862793,0
0.050109394060383554,0.3449472509505885,0
0.11556108212199187,0.3971165954924616,0
0.16989475665260614,0.5264709341162701,0
0.17834073118639446,0.4386469039026596,0
0.13354803388272085,0.4407474416433504,0
0.1475754539816645,0.5059025424708812,0
0.1362057229898821,0.4984991992483027,0
0.12025934475287932,0.5143662556142483,0
0.2643579587170122,0.4810794123861305,0
0.23315626919160024,0.4570460425248549,0
0.18299147846215083,0.4083621662909448,0
0.15101537662831446,0.4357202413004386,0
0.14387581634621308,0.3665136082674164,0
0.19464375620583294,0.4622025692197723,0
0.13196026301869024,0.5132337021294072,0
0.07257028203193361,0.5117905515050805,0
0.15708235024351053,0.5466103894292554,0
0.19556017503983095,0.3794194837082037,0
0.20972277512026666,0.3649634354647634,0
0.16825406165776025,0.40685476584461555,0
0.21448232011405394,0.4016762134466766,0
0.17050043097688877,0.40645511728588696,0
0.1896673988757413,0.33990020259824977,0
0.11692812149609919,0.3489303723609537,0
0.09203301951848644,0.4202363773080143,0
0.13072615745866994,0.3862860236167015,0
0.11218214983196814,0.4429659925336823,0
0.08927121285942376,0.44732263851255993,0
0.1487787368106418,0.536937310429441,0
0.15789222973205894,0.4665771996301471,0
0.04891934621979388,0.4899887395697525,0
0.10782808354414126,0.48163219080123854,0
0.1122058432706503,0.47266564288045065,0
0.13271302130783366,0.44890542220823093,0
0.12319496476347706,0.40702230504570724,0
0.18321411116841793,0.4156661289093998,0
0.13869296421617203,0.4291940752730145,0
0.1889884498542366,0.4291781148532499,0
0.11390470202424242,0.3082436370330362,0
0.1545624180617472,0.30158335666274955,0
0.14955048028160117,0.39713088288183473,0
0.251898276020352,0.4349316960588135,0
0.2677619208045683,0.3822660224465015,0
0.3223438999482749,0.45090597169148905,0
0.22864011422675354,0.41608063230256453,0
0.3763368006729225,0.4290941422942125,0
0.3179715232800803,0.43975353472931317,0
0.28779310444118833,0.4360568962420732,0
0.26582610391288813,0.4091539706728337,0
0.256763650454628,0.4520503593689464,0
0.3316835579003309,0.4164335966787808,0
0.22883940489508298,0.4326907608883824,0
0.26849585015295413,0.3693433530300158,0
0.30476532487553176,0.5334226700318032,0
0.23832220085097247,0.4931295262904681,0
0.17406579352990492,0.4807872983430146,0
0.19301532377485042,0.5496605380296584,0
0.1677652595664145,0.5513284067171297,0
0.16146934914907646,0.4371677631622413,0
0.21080686168474394,0.4771178946456086,0
0.23731281652701708,0.4595516964930306,0
0.337581285947494,0.5725596554581628,0
0.362743672383085,0.4927591907907472,0
0.3355099576141421,0.43813598111019375,0
0.27896248769631476,0.44818544634887164,0
0.26467111266690163,0.3601879788001065,0
0.3577996318929114,0.3256026037890532,0
0.3662433609121011,0.32058205661883177,0
0.3314413207318345,0.3257261569115725,0
0.41734129738658654,0.4290630049897272,0
0.4348423338896675,0.34984742201567814,0
0.4531839109865548,0.5290867846849534,0
0.30544056908388395,0.4773797099083141,0
0.334621332525308,0.3815765570861802,0
0.2697593426868725,0.3304155429452478,0
0.3262249869032047,0.3852631978048493,0
0.32666414490951934,0.36447261819414495,0
0.19446384929720292,0.3226789564286522,0
0.1829812625349124,0.370987874768126,0
0.29822312666616957,0.3982922371544915,0
0.22307685355075038,0.33848087546351024,0
0.18186749166388616,0.39186506749759326,0
0.11862638241782715,0.34968767746803225,0
0.08158744289105993,0.34771668002618855,0
0.07233177721894606,0.29687106919975553,0
0.13058021429799666,0.2110479402766817,0
0.08723363779760845,0.3543039519326115,0
0.1832414202089137,0.2848083468716846,0
0.2629695204672537,0.3402607947876923,0
0.21540009037110575,0.3281243849915623,0
0.16516139396554944,0.3400232443185397,0
0.18818630924048022,0.3195200753644022,0
0.18614009243393828,0.33304132125892655,0
0.1351442077476225,0.28122793749181374,0
0.17932797916868087,0.2631776376201622,0
0.18011630144959012,0.24601153878796062,0
0.23860356186155138,0.31222920264826437,0
0.21721201615863356,0.24942390808046302,0
0.12910063265525046,0.2722163216138615,0
0.20446317710024256,0.252939100069692,0
0.2401855957341186,0.2113175484669677,0
0.20901764821680233,0.22853685752809813,0
0.2824994372517917,0.24303520275956197,0
0.23080950820442547,0.21688023964150846,0
0.1598706038254723,0.3404931817826068,0
0.20316726301493468,0.3580393245603212,0
0.16282941874481952,0.3581104846538491,0
0.23174375911248138,0.3286723239439624,0
0.1384660448651041,0.3840676888713335,0
0.19157423686381383,0.33736467134510095,0
0.10917147271865396,0.28995241289329826,0
0.12874238633430865,0.2964875182999844,0
0.11603690552318448,0.4105510179563866,0
0.24139284401555294,0.4306254679736354,0
0.1960841670299168,0.3700789551534637,0
0.248651960179018,0.3311715723086747,0
0.19007423342290503,0.2601012860942198,0
0.22552861204265784,0.22749122573926797,0
0.18856357981122168,0.29698800719044977,0
0.2591159097202757,0.36386233271164725,0
0.1882921593794683,0.3794341790909561,0
0.15037402843585784,0.37620607539067935,0
0.21239216025145408,0.41869602111030224,0
0.2598048488186862,0.4191816653081739,0
0.2633328010379298,0.45960482975063244,0
0.369574339988225,0.37290075048593097,0
0.28749552170322334,0.3515920278163662,0
0.31983157203643353,0.34844252987059576,0
0.2951206536481494,0.3795431033683794,0
0.25785144399846505,0.5422728322222095,0
0.30540893196765784,0.5657064914004698,0
0.2072440150431758,0.48194389960087725,0
0.15323651232855515,0.5053295434305343,0
0.20857073558171071,0.5051677117453519,0
0.2937692982493374,0.5270314587141268,0
0.34783651464121323,0.3964440213606272,0
0.2453373355759692,0.4758351294881102,0
0.21341139273036552,0.5162353892766445,0
0.181724795256777,0.5177476405053366,0
0.2862200429422883,0.427997759660352,0
0.2505037690104707,0.4448709601817695,0
0.320862470065732,0.41789145097085184,0
0.23069848327311868,0.36387607958187407,0
0.15907053130843385,0.42237747245135865,0
0.18313127943982666,0.38453967551360513,0
0.2883528929042374,0.29785738718903865,0
0.20192193664032654,0.39307643459198127,0
0.27866358224796123,0.39462537953652777,0
0.33741899583330554,0.419589336665828,0
0.3130872867579117,0.5069873548217908,0
0.29979646098143925,0.5830610823842253,0
0.30621635228372857,0.5843513874036362,0
0.2796020531272722,0.6000614033009315,0
0.29531583487328983,0.58528255356312,0
0.25744681961401095,0.539528683083427,0
0.2802317238507504,0.5942235776481491,0
0.28288010161924537,0.5254906353200938,0
0.28047586592516266,0.5665162295858964,0
0.2808348071590428,0.5835423561044565,0
0.2915777142658504,0.5967444643334981,0
0.2892045871834018,0.7224395949812161,0
0.3180883384862894,0.7244488036090929,0
0.3132271183603027,0.603444532995183,0
0.2666650650228216,0.5623728378182669,0
0.3653691658249825,0.5324624865859559,0
0.24051864872421097,0.5197240974317592,0
0.2871871279075908,0.3706257435584026,0
0.26419439903551156,0.5010824233892583,0
0.31793808120691924,0.5372001718100969,0
0.26482414219076383,0.5977287674482078,0
0.24874193735586275,0.5890532746677783,0
0.2724772206784973,0.6201625041944953,0
0.34665323473998433,0.5726878003151676,0
0.33201323636492297,0.5190671375052122,0
0.26501428694113216,0.5638798880387554,0
0.2850581270841912,0.6082999796239289,0
0.26662230898784967,0.6728645675745204,0
0.2676945252454365,0.6288853068390597,0
0.1824025133646227,0.5681708594347386,0
0.268360523495076,0.6057089921081615,0
0.2492355689924547,0.609976278047232,0
0.2784749929817857,0.5819873189240977,0
0.27931757546049446,0.5771824092625817,0
0.31215309222912224,0.6917897949605722,0
0.4208483267499354,0.6873249374823445,0
0.2703687031882997,0.6113605898873979,0
0.3984172083863833,0.6095316638956855,0
0.2879360345926502,0.6820174566621295,0
0.28164904796818524,0.6106107109983784,0
0.443869050476248,0.5965346852892366,0
0.42054066386143746,0.6168290230475606,0
0.39795422870840125,0.536933111328558,0
0.45964635457093,0.5852010822455724,0
0.3608641458140751,0.5614659257167235,0
0.4323155186287999,0.6123273263051541,0
0.39649262470410146,0.6121596297782951,0
0.36887203833827475,0.5925471355358324,0
0.4010434922936065,0.5820496254730446,0
0.288619629824642,0.5492829150787459,0
0.3259483118007778,0.6081711264467133,0
0.3493858740729882,0.6354567233302088,0
0.20934362284369892,0.6297173486392234,0
0.20714617758360826,0.5572927234322682,0
0.3078814173827734,0.5074628855684105,0
0.3718929730851441,0.643298127783071,0
0.4424957921117713,0.6793564740253198,0
0.37161849537312686,0.6989547775921604,0
0.30649179874147114,0.7207733828500038,0
0.3647863940822054,0.6324440537559961,0
0.2782920414536975,0.5800407339687255,0
0.28250963979644067,0.6313398131384791,0
0.28495096892853056,0.6953187203713016,0
0.2404929146683793,0.615303279467705,0
0.26958550973571677,0.7323563587627286,0
0.3641546016645769,0.6819754988715012,0
0.34849293737236536,0.6170242588498231,0
0.2909825102761459,0.5430162875554105,0
0.2937159102721623,0.5772852440285783,0
0.3620307915333459,0.5522810448499106,0
0.34812448415361424,0.5955030414502758,0
0.2853764074991568,0.6525951168853489,0
0.24230596318330969,0.5737117288918214,0
0.16027141528539618,0.6517292050156595,0
0.1317909265236806,0.644112830475922,0
0.07412459555304565,0.6305635589107375,0
0.14642967694248465,0.5402038698284376,0
0.1445094522449926,0.5949453346979704,0
0.23468127269309674,0.6471152749369427,0
0.1885631639710338,0.5530299031538861,0
0.17284434640617766,0.6504626075503449,0
0.3647063709872904,0.5676869154811288,0
0.2634357870513613,0.6621584071291753,0
0.24193127233369682,0.7274200988577705,0
0.27157400256064484,0.7588192071616046,0
0.29762014344915566,0.6648685468640451,0
0.3002297982899087,0.7196782530269655,0
0.30204488031270577,0.6552370144152843,0
0.2629462368353789,0.7255194226221224,0
0.30649030018210965,0.6781631628486791,0
0.3343411129349342,0.67420583125744,0
0.2337843668561162,0.6483234444437543,0
0.2568583892046208,0.7244907172621308,0
0.2247925648868381,0.637146866263519,0
0.2643621448742979,0.6575907855243097,0
0.3024550806803889,0.742514651191891,0
0.3715582115857383,0.6206791655645767,0
0.2809998004795159,0.6084401756934524,0
0.35172003428840615,0.6087795173027224,0
0.18574514633635433,0.5054454966995802,0
0.34928602197175473,0.5601945780813754,0
0.24597007138251642,0.6202980482213777,0
0.25228038258429303,0.6572962159400282,0
0.30449082376591524,0.5877388486857643,0
0.25469786694795776,0.5606006253390244,0
0.27406028373778546,0.5167512829489601,0
0.3196089029647271,0.5794856904312385,0
0.2924891669434718,0.5882568889992283,0
0.2585335119185743,0.5924727740394679,0
0.24394227876419633,0.5368735894240827,0
0.19294207272569755,0.5931537393725173,0
0.17815097924769221,0.4846933176858862,0
0.22197805164173706,0.4562563975891651,0
0.16713600468473078,0.5430034438485997,0
0.18435951681438034,0.5734091407868809,0
0.3065249961028409,0.5423531069512166,0
0.2135407653293065,0.49387236475607266,0
0.29945640423850806,0.5036301125679598,0
0.30927689648538575,0.5609203141530775,0
0.2294884213686551,0.5878941059764349,0
0.23209184123101367,0.4994973012016982,0
0.2414720771076268,0.5265098743404839,0
0.258446829301992,0.5632092866629479,0
0.21459526033502285,0.4433855176877209,0
0.27963524092412706,0.4931713997162753,0
0.2539927299534469,0.561779693851963,0
0.3136931392550294,0.5499165869787344,0
0.20691656443017112,0.5060570249962473,0
0.21651737612647762,0.514937552481205,0
0.2700077351404573,0.4811397817996223,0
0.21823250953566034,0.4910507793589916,0
0.2242869507440532,0.5941529188615928,0
0.18859166258511986,0.5937884947565244,0
0.14111852812429232,0.5101405095733955,0
0.2311991332518769,0.5198219335442432,0
0.19652218232250288,0.5562411033807384,0
0.1974876703210505,0.48883341308178835,0
0.32510827021185806,0.47243380155363,0
0.3708919576504286,0.5031505373756623,0
0.2667919312365359,0.5346724474377206,0
0.2297619269053357,0.6056312335928262,0
0.1908598623156658,0.663036907648248,0
0.24653349552135276,0.5543028927201619,0
0.33185537356229805,0.6927526980335181,0
0.24663581738653273,0.7353467215407616,0
0.3038938307474168,0.7869249426124215,0
0.34597192066620236,0.800419812599403,0
0.2474976990535668,0.6941528779184131,0
0.3248904315036564,0.7611523172834161,0
0.23821340719111395,0.6865685988260295,0
0.2610034203123189,0.6662977727991464,0
0.24952377611375245,0.7397996180972933,0
0.25169112027091206,0.7332910392207946,0
0.19694190438041712,0.6946093101458448,0
0.20764061830366357,0.7771742178712098,0
0.2920854986119966,0.8199273635476183,0
0.30598621530605125,0.8007564925389775,0
0.24337324272183064,0.7257887975213185,0
0.21778635163592264,0.6584107101910953,0
0.21625446148331004,0.6812229921495111,0
0.2022283906695527,0.6970469418873837,0
0.27684328273733266,0.6717700094816312,0
0.2841843422342988,0.6324368689203089,0
0.2055720747555289,0.6705934982810033,0
0.184600764308992,0.6705031677383231,0
0.17631681150239817,0.6590687423750474,0
0.1673370367516714,0.6682068248929229,0
0.20878294953295237,0.5923835693123913,0
0.2171912050458248,0.6063292341232407,0
0.24515046224072543,0.6861102170630765,0
0.21850564739175868,0.673455705372109,0
0.22604775674582883,0.6448378365276871,0
0.23451697579610414,0.6410328575491917,0
0.27160172442286734,0.6700802807173627,0
0.2044813653325642,0.6198117798976199,0
0.29662870559963556,0.6614202860945277,0
0.3292841658547917,0.6920014164254229,0
0.40494217852452186,0.5902973295781885,0
0.4944854541507851,0.605559483004006,0
0.41910160944936536,0.694177618739529,0
0.314980971179992,0.627325587009787,0
0.36208961690932895,0.6765797241711534,0
0.37777568134248707,0.6195738883817181,0
0.29647761482507784,0.6023471051406356,0
0.26109262063925565,0.6093339756922983,0
0.19402705870557546,0.5503958324210786,0
0.31774219578039936,0.5227304805967526,0
0.2283105453483215,0.5252320395849537,0
0.25287496254801617,0.5948588359619124,0
0.24707085946006357,0.5872269002626875,0
0.26161792565423453,0.6256487506474208,0
0.20784461430379617,0.5893522691353611,0
0.23077638779961726,0.6691409937007202,0
0.1295228577142663,0.7092190928410143,0
0.2729636682330099,0.5809218634469149,0
0.24666641538833453,0.6211466760856285,0
0.15993711876628158,0.5633664796692786,0
0.07635341104157949,0.6757158171740235,0
0.14542708800795465,0.6466550122760147,0
0.1710742069541563,0.7556066490336991,0
0.09604777528409698,0.6215871623415761,0
0.2132600565492488,0.6388182904231526,0
0.09826979874177573,0.6075328464004714,0
0.06473242003678302,0.6582846665670691,0
0.142057625109273,0.7340068346077921,0
0.13812677601603926,0.7244390430981509,0
0.24855820303058573,0.7776975640104001,0
0.18179800160678236,0.7427692225318547,0
0.19014350938374552,0.6759667690868957,0
0.20093554811001058,0.7141897570438555,0
0.2619478365380179,0.7580507212638218,0
0.22731381128403527,0.8010848364939005,0
0.1647469201523936,0.6764132520473516,0
0.23839320442517292,0.7540684398769549,0
0.16269367131330476,0.8055200945108348,0
0.18378218539864585,0.7961924168416892,0
0.24205962016153337,0.7422693446433645,0
0.1476468322724776,0.8000936825452236,0
0.1900782935074845,0.7791283140281323,0
0.20878490559803162,0.686487470727383,0
0.2168080388043831,0.6040190456530194,0
0.1921313730068004,0.6506646489584418,0
0.16787393293837588,0.6868192507966868,0
0.18598038217332785,0.6326448320472605,0
0.1370710194678038,0.6296630337308924,0
0.25806088470787936,0.5785927288300636,0
0.18170515598674303,0.584822222647576,0
0.150060262547912,0.6019279748552345,0
0.23442452690651033,0.6719091322118076,0
0.19967387010781537,0.6690406431361062,0
0.20486089187177264,0.5670140885315206,0
0.19607474668222977,0.550821932927015,0
0.20825247298282773,0.5255534159361281,0
0.26985263459466263,0.6301373284985046,0
0.182580541191095,0.5616920302930409,0
0.3153887063917471,0.5697547946554884,0
0.29883223299040923,0.6763849735613441,0
0.3334413134642459,0.6684834927979456,0
0.24878767852811118,0.6909000426342461,0
0.3778079719405426,0.6642907849051525,0
0.2971538401112208,0.6093014699415016,0
0.28718722906916855,0.6183046146057632,0
0.2851821338897328,0.5765946601732991,0
0.30393247967819287,0.564028458258868,0
0.30933523975325855,0.6813722386001367,0
0.3345855636574465,0.7101442760285325,0
0.2918913876249595,0.7440774426173188,0
0.2118575844073501,0.7685454559035663,0
0.2733520282857166,0.7125228551203824,0
0.23401047152803034,0.6660682539263438,0
0.1574642736200073,0.6606151152362875,0
0.11003273111088765,0.7298387838834773,0
0.09389963478993427,0.5969617844620335,0
0.23708076336191644,0.6758498082066475,0
0.2156443661795779,0.7294112162304316,0
0.19971472530764,0.753825380909423,0
0.166836568383678,0.8176178037907532,0
0.24696574523816817,0.8396143403307382,0
0.1622200902406189,0.7681314601863666,0
0.25355822280620777,0.7916138581315677,0
0.22019402721459322,0.7967056129826542,0
0.20467569190164336,0.7791036425107514,0
0.1375288641866637,0.7251242424688478,0
0.18445929763573246,0.8150068251101283,0
0.21656396426147653,0.7895796904456732,0
0.17497065713398588,0.7916175513495619,0
0.15540641300615118,0.7985489918056554,0
0.08696227899041452,0.793704093750972,0
0.1548098423857212,0.7853330813465782,0
0.1717454016780519,0.8249061184099615,0
0.10641433925890735,0.8664273076803822,0
0.14550861698314502,0.7688448714946037,0
0.1777784876910045,0.76801243038954,0
0.05368226253278689,0.7650685551608152,0
0.15326258047406155,0.7577271699417664,0
0.12197936578201868,0.7077199890199233,0
0.01815167819168581,0.7136007815444712,0
0.10041026887745928,0.6264176469130264,0
0.08117828594678293,0.7388493960579559,0
0.07311240479594036,0.7054836841299533,0
0.08479457997649426,0.6228775140422278,0
0.08942158892250748,0.6861781605246814,0
0.16952771229794877,0.5633713692590293,0
0.1311883514635906,0.7032312270819334,0
0.10798065183210917,0.659324415680021,0
0.12935304249601323,0.6308306904585852,0
0.13617385858226438,0.6583301955692668,0
0.12364594240537817,0.6167047001829284,0
0.12713943368112413,0.616932890779342,0
0.03908571916257353,0.657473622003029,0
0.15596253403234106,0.6745011532602762,0
0.046445295868241976,0.7070681901129328,0
0.032481870396089706,0.685150820535857,0
0.19697120464138687,0.6399929459990142,0
0.11991376987129382,0.6651086664211081,0
0.09235923711691771,0.6010079657427272,0
0.15315733913925908,0.7192641089576326,0
0.24729309173749178,0.7405153326976417,0
0.1469574886168628,0.6542332283772667,0
0.1250222889694573,0.6785990475397282,0
0.1210253159861017,0.6892118660346249,0
0.17143081958072812,0.6538317874898116,0
0.1645603751543414,0.6730386725514061,0
0.19128344441726275,0.6110910315175134,0
0.16162923940487728,0.6147942177838617,0
0.11554245988687205,0.5841962083610456,0
0.021653182169830906,0.7275904242840574,0
0.06300006707563291,0.6268343409811793,0
-0.0024055490702011018,0.5942655240277911,0
0.058793842640307396,0.666569818258384,0
-0.03795616959086515,0.8075559919509229,0
-0.004647320571545509,0.6829658333665458,0
0.07660275607793024,0.8321555641498164,0
0.010834402130828508,0.8124860830492947,0
0.10760938109599198,0.631368993171237,0
0.05890168198241413,0.6190824870640428,0
0.03726760849442909,0.57126990778721,0
-0.0062873172466351435,0.6003402043438513,0
0.0410996772936326,0.598471966807523,0
0.14159478993114674,0.6080302136278413,0
0.15041713150899294,0.6103817763245829,0
0.11946160193147294,0.6551501499494051,0
0.17369428871126522,0.5977506458657947,0
0.232570958915734,0.605394912782992,0
0.20542593899002332,0.5756453672973065,0
0.11581406861189879,0.5649791527854803,0
0.11802591050774609,0.458236085533077,0
0.1569976739624143,0.45705011444576704,0
0.1810175596565206,0.6164087117056061,0
0.14829147009721155,0.5803718993667882,0
0.1583210655879637,0.5195789953642767,0
0.14236409929057478,0.45170366146159835,0
0.1216320998864766,0.42131108338549783,0
0.0913952104937368,0.4817983257831061,0
0.05530654985501434,0.5191912215606256,0
0.018065651016169026,0.4982555741230418,0
0.09569206180269275,0.5602038166136288,0
0.02241393094025952,0.5359144125482277,0
0.08341007845061141,0.5337448068050656,0
0.028236728577910514,0.5013158518080654,0
0.1281205395003483,0.5334675810041966,0
0.08537818120596738,0.5050630371805057,0
0.09650025198538068,0.4715822039472222,0
0.15963682716669603,0.5176380681767584,0
0.0417282885681602,0.5119683721630761,0
0.015013236574673808,0.5439443030215463,0
0.06098648837166067,0.5691001400473499,0
-0.01267794205641213,0.5690721203103277,0
-0.06594827854351357,0.5907384887025043,0
0.02065996327309487,0.47968487549887695,0
-0.03264964175287989,0.5238412375200546,0
-0.03936810926595887,0.3537732114927432,0
-0.053561890955841934,0.40518444341048543,0
-0.0007412926169026723,0.41555447118963507,0
-0.005794969772048382,0.4372515150705969,0
0.005406391268725426,0.4774427358217692,0
-0.00575150643752001,0.4196677625278131,0
0.001973377566680511,0.38311221331641077,0
-0.04541798917247554,0.33823542604316326,0
-0.04564890568860425,0.38973250562073697,0
-0.010648506432542455,0.4773105458637843,0
-0.002902741479430971,0.5850630180681106,0
0.06153881243416144,0.5592877525798216,0
0.017353731491720377,0.5358449549553963,0
0.017014490092845724,0.5120856780055978,0
-0.0036614358668024295,0.48676565832688556,0
0.021890433808633328,0.5447833796616934,0
0.07437225586948054,0.5083589468207227,0
0.1264650064917321,0.5102418083635633,0
0.09010317867676462,0.513833273904074,0
0.1247950636046393,0.5199746783597039,0
0.1531092116693514,0.5908940483037389,0
0.14403916364832933,0.5261238601042073,0
0.04565645059678175,0.5076772709338856,0
0.10595923007996626,0.5454568650663161,0
0.08979005870510559,0.4940369115468015,0
0.002240554073664691,0.5156662655019851,0
-0.036826385572665314,0.5645309078206223,0
0.04623823933284852,0.5583716113231025,0
-0.031356148734740706,0.6089489727587046,0
-0.013726835723832095,0.5955321159191894,0
0.037403367525769615,0.5996919955078154,0
0.04615055420934372,0.4923730694952379,0
-0.058274484633485335,0.5482504360864607,0
-0.0018761927321890234,0.5629351038782144,0
0.05620256263403399,0.4934560434576245,0
0.0510936381230508,0.6181420278064006,0
0.0951500785531019,0.5004419152817366,0
0.08063524626094885,0.5975625628758146,0
0.12555856769950863,0.480641834681647,0
0.15282593356261087,0.4703876681351005,0
0.1783004234811374,0.40157209069931177,0
0.10697574139984056,0.34545210421348843,0
0.09607119604073874,0.38251146716291734,0
0.06582743923247271,0.4816131651231525,0
0.11198294452847513,0.39128755148937344,0
0.16256393330111915,0.49013936915461,0
0.13647752517717657,0.4275968176194251,0
0.07335584046747123,0.5303795892894709,0
0.11252898107874856,0.5123426558181698,0
0.09198558942839644,0.428393979537342,0
0.02910345478226624,0.4058114293306834,0
0.0998368325577449,0.3500742364553202,0
0.10053529282296554,0.34603037785017965,0
0.09755006750894822,0.4072598955356406,0
0.13461689337567592,0.42528024859771146,0
0.1516675320118057,0.45766797374655743,0
0.14447790109228734,0.4071265900643577,0
0.1857175786279235,0.4021350275132473,0
0.14639677260023767,0.43762404211541434,0
0.11149703141613901,0.47529139921913555,0
0.03169015510274592,0.42020144393046105,0
0.20726965119033144,0.46695910918932904,0
0.051311502754419036,0.4451200441264858,0
0.12286589239846517,0.4138850841162851,0
0.034477377650549146,0.5133607630036172,0
-0.03375026748062272,0.48364524917793045,0
-0.01948651334716677,0.40653304751557595,0
-0.03151513456089603,0.43305920341902754,0
-0.021288326209329994,0.4813159886847672,0
-0.05089866328986325,0.4390633159421904,0
-0.12428186420706869,0.41655602426557814,0
-0.07896478575218235,0.41517035381189565,0
-0.16806511702250576,0.3639701457431238,0
-0.06969281750894908,0.3825084981781222,0
-0.1100580578257632,0.37470746680020905,0
-0.08430039394278675,0.37976693914810206,0
0.01828814739963247,0.3660736290359477,0
-0.020828132676298045,0.38959913107653465,0
-0.07022389375995977,0.3489198697335627,0
0.027026958478586924,0.39064482267747114,0
0.04251777454502262,0.43060268677358193,0
0.06804133133138479,0.3158177932449746,0
0.020388367594336834,0.3591700921362994,0
-0.002579954695029061,0.27054294237232424,0
-0.0415349179755756,0.29175252824591025,0
0.10089722968392476,0.23703903330012296,0
0.12431188957332867,0.285635662643602,0
0.1628536379054568,0.26648415817122495,0
0.10687885658859031,0.2654271751643758,0
0.10267311769672946,0.3284768135471918,0
0.06932715617855548,0.2184451161430233,0
0.15990474220760237,0.18126547821193198,0
0.211053478190651,0.18571279204460145,0
0.19217323757437715,0.31107967605066666,0
0.17302278925014766,0.28665430858951324,0
0.20138166770364943,0.3599555960919714,0
0.18325281193192536,0.34378229810333605,0
0.15794470459780519,0.3140031579828575,0
0.06397647861963698,0.2177903889661229,0
0.058873459186186555,0.25298841044505826,0
-0.02420942279008864,0.2805671746379173,0
0.009489537954299396,0.3192639967494564,0
0.10943552698059855,0.2456482752931498,0
0.2028176347474393,0.16738926820512534,0
0.09088004485042435,0.21647715324465008,0
0.06979739382947629,0.20780178663948468,0
0.15739010023296746,0.2596615123987799,0
0.007944249525905417,0.22660783627400477,0
-0.07513598890459289,0.16938159692364388,0
-0.1067561794769038,0.19368164721083003,0
-0.04451217286371129,0.20679402698923707,0
-0.061244756500373546,0.2529326976212757,0
-0.08808924528941967,0.2856255597212457,0
-0.08535409592761949,0.33870089562137545,0
-0.0406750452921428,0.256747661212557,0
-0.0518102822016067,0.32447365614030416,0
-0.09371616790392356,0.2910680513215818,0
-0.07229572253193281,0.3102040833927252,0
-0.09606847427137864,0.18328397674312957,0
-0.12525830239508498,0.2165884149129038,0
-0.10589646329465752,0.16758201405607528,0
-0.18972224140951344,0.21112113935002294,0
-0.13829263698694896,0.27749835399408396,0
-0.13239135811485928,0.27060193681840417,0
-0.19661403982674241,0.23070363701882293,0
-0.15114667721487682,0.22216789766960152,0
-0.11400361433951443,0.2516019828938086,0
-0.11662625686564876,0.27997951893112155,0
-0.07037612561163728,0.27698619736123015,0
-0.11665301372067516,0.2645047736769036,0
-0.10578584460470122,0.3170147854055661,0
-0.11546181774450492,0.23783680959582415,0
-0.06696115852942552,0.2288263726511773,0
-0.07226046850543641,0.1339753634318327,0
-0.12358406231865403,0.16025188688097883,0
-0.081956488763605,0.33740187524978066,0
-0.0590924622300654,0.38762277367559345,0
-0.06277656409612063,0.4116443532045167,0
-0.09426457520635187,0.37092830734996485,0
-0.12704794181254772,0.3171210161191259,0
-0.11793035445940804,0.26418329256144135,0
-0.11807055184145764,0.2914357603873893,0
-0.19520126542424815,0.28678587186924914,0
-0.1572851557988834,0.286668880327529,0
-0.05729083695547885,0.39337085075096595,0
-0.1189243276656533,0.37821954252286444,0
-0.11489144199030958,0.3101455304459986,0
-0.05748461314895508,0.36762464022177077,0
-0.011031313709165859,0.2647892290979177,0
-0.07502319481152281,0.35047012656141807,0
0.012379563508988348,0.3481648291717138,0
0.016943547312901888,0.28091581236719454,0
0.03367290727919445,0.34144564029655605,0
-0.01792472701385893,0.46057874311868013,0
-0.04096590221217462,0.4700331447575925,0
-0.017016687413177183,0.41920668730840155,0
-0.05525071024647132,0.42103366273151666,0
0.029732577613535933,0.4343077755357219,0
-0.1505668690822869,0.4743077395195647,0
-0.05862665361690078,0.49077465150058697,0
-0.06337517277551638,0.403425256976341,0
-0.07379931522201172,0.3927085103754228,0
-0.006998508344113766,0.3706940769976679,0
-0.022135553957246985,0.3829781446298025,0
-0.03939769130906976,0.372655058362762,0
-0.07117650443619017,0.34880645283561906,0
-0.015287454278486504,0.2792443397209814,0
-0.09982237635768355,0.3865206590627053,0
-0.08646566452234879,0.3413371110495886,0
-0.0008170996856470963,0.4023772151315187,0
-0.042337683961909615,0.3482287988441355,0
0.004468049593444698,0.43826568074475114,0
-0.033704294275071975,0.4797964674840174,0
0.10445657209832655,0.4524551314631867,0
0.038372171892093035,0.38252772812854324,0
-0.02293605382009159,0.3636547758128643,0
0.05303534006173244,0.4461525563859624,0
-0.031443689127533744,0.44161619601979796,0
-0.06102591399081764,0.48096094280386864,0
0.05362975875613882,0.5023246959889663,0
-0.026160753055702757,0.4219835839014142,0
-0.0004098955374294347,0.344815063213579,0
-0.02268429779689773,0.4133838004466904,0
-0.025174247927162958,0.3916022007874486,0
-0.13294627479274976,0.4789560936772994,0
-0.07929312710639534,0.45556730372379206,0
-0.1439983489850879,0.47483141636490117,0
-0.11587155868009079,0.49104215886769204,0
-0.008201351953057961,0.5028924333707497,0
-0.12680025391460503,0.47446210014072215,0
-0.05849583619637598,0.5359359231541956,0
-0.036529976931281016,0.49593953080658015,0
-0.07093887484561094,0.41575788682473375,0
-0.09547147285455831,0.5441704718992904,0
-0.021446927501970636,0.5334701089181295,0
-0.08292847256863232,0.6012470536490174,0
-0.03670691013429924,0.5184339183110753,0
-0.0829821812390102,0.5117425374828674,0
-0.03482152100972373,0.5584223289155045,0
-0.0331341916265325,0.5910589723084645,0
-0.12369272375566172,0.48854305767931777,0
-0.13352182258473874,0.5495150301977376,0
-0.15951799509580034,0.4937892881206838,0
-0.057765160042354824,0.4930450038376893,0
-0.039675023942954815,0.5704295245219524,0
-0.0660113263745206,0.5116652910344424,0
-0.025893366455076665,0.49956893138633435,0
-0.043843801478210195,0.5031228424119817,0
-0.0369135562937303,0.5475864937898642,0
-0.004418609934012947,0.5681116333461532,0
0.01962803311340541,0.5534846100437198,0
0.0461621840266464,0.4559995383360914,0
0.04825970273173003,0.4368512259051373,0
-0.08057922325924866,0.3994976319679286,0
-0.030476191923458497,0.5369740943210527,0
0.0003257386650592116,0.5445914840188256,0
0.014595860963329606,0.6128293922852257,0
0.11715338836268552,0.6159909814950331,0
0.01681686798378977,0.5058186391436438,0
0.06713697916540823,0.4918888284776565,0
0.08416107811935696,0.40000109027545394,0
0.006220490557888758,0.5502638440379468,0
-0.002409470173823801,0.5242083914514335,0
-0.0030720860585472776,0.49159676854953427,0
-0.05362549918256609,0.4885772588891973,0
0.05416019384972793,0.5039426305522029,0
-0.038839396093838234,0.4877285624110175,0
0.023880122866748045,0.3750252793100618,0
0.05144702287177133,0.29542452037762534,0
0.11356613379133741,0.48975802075950325,0
0.09055789243348633,0.55194188572443,0
-0.022037854754786104,0.520467540974008,0
0.02674679293213248,0.4808810665321129,0
0.07839589157323955,0.4431986360903359,0
0.08952310949221677,0.5082062051943089,0
0.09072411575655091,0.47458655200827304,0
0.037397501086810954,0.5280297058872998,0
0.04427731239640734,0.48736643107368954,0
0.22816619049860926,0.5324093145745967,0
0.17430000259057893,0.5900714642825559,0
0.13078295570109727,0.6476700792549962,0
0.15154550574541656,0.5972705883168543,0
0.21592725296750498,0.49830243754390113,0
0.25125606893094043,0.48533665837255185,0
0.13455723139744857,0.4428705090335848,0
0.20065194878154236,0.46211302563153445,0
0.20392507847667526,0.6186932098242979,0
0.1490164851835167,0.4987317108886966,0
0.22287086753063512,0.4143592741302337,0
0.22338014482575075,0.4611588783787055,0
0.29595114192860145,0.4603488993991377,0
0.1640796947312106,0.39057454393164903,0
0.10712083514262166,0.3372367143718151,0
0.14170626571249317,0.41779896375431025,0
0.09390467077124953,0.4449890181755656,0
0.10035927269931662,0.48861040528133187,0
0.11263469261311491,0.44710919618925676,0
0.0657325535484787,0.4325172480413876,0
0.04837364955216979,0.42741649308918017,0
-0.049517171339165764,0.4771915668377501,0
0.012835123160663306,0.4485427334867018,0
0.04756366322112588,0.3574275227644991,0
-0.01649578924414207,0.275400245854602,0
-0.051000675245099485,0.3951400933413954,0
-0.0030513541696501265,0.4661004108451061,0
0.09514731999945308,0.41834551827694716,0
0.07684005444297957,0.4064803822387165,0
0.05515376041530941,0.43625983061683443,0
0.08535463763150637,0.3530414605697396,0
0.08506536844509137,0.42682347940921794,0
0.1266379997215208,0.3673932771584929,0
0.10607773723442007,0.3940619643724512,0
0.14119042761204526,0.42556959558700874,0
0.037185323100687145,0.3377137415096378,0
-0.011100585940005264,0.3700031802330765,0
-0.01369307677064412,0.33581224786087693,0
-0.023097600066947485,0.37267545349534276,0
-0.06207865745280057,0.3681069076225354,0
0.02714664337826239,0.3977571959436553,0
0.01341392101488587,0.388252306300191,0
-0.02386614812529178,0.3992098901053867,0
0.1265406071933999,0.4514124223982447,0
0.11272962756153233,0.4433227333940178,0
-0.00040991247169820666,0.442230669511355,0
0.08083377333375465,0.4625314937721111,0
0.12638970742836053,0.543916961681222,0
0.15189216427462604,0.5134617594928472,0
0.12917696461802833,0.4673308894240368,0
0.14679631369827675,0.5247276637131634,0
0.2624708381431637,0.519372004493796,0
0.13810926663184675,0.5271759002008292,0
0.13577805776635826,0.5065515171464351,0
0.1249923954887826,0.42339591625139805,0
0.17084014919761048,0.5066556666200931,0
0.19638383815432842,0.46327444191496364,0
0.1361048604594391,0.4618804993144634,0
0.16049013230739217,0.4785645306279268,0
0.17761550352649375,0.42864001762793386,0
0.12207612877240248,0.5027007100032985,0
0.16436662366253968,0.47924665615204437,0
0.14428195152304438,0.41459905496551075,0
0.13269272137694774,0.42312232631533686,0
0.15797028256867693,0.33136534788165645,0
0.06727189968912507,0.3947286085968021,0
0.10473120235045262,0.3340772639557363,0
0.15372054348451114,0.4142972140484668,0
0.14540384885402477,0.39120494614765483,0
0.11167362375353442,0.3170532451103454,0
0.020781573049275234,0.4035026266841126,0
-0.06972566567249398,0.4251275751207809,0
0.04361915332993449,0.44453610078737016,0
-0.06489449989314734,0.41133940190138846,0
-0.09337564461346513,0.4339905810924182,0
-0.07092966496686473,0.40122524593251313,0
-0.05143843414051816,0.4087558286929569,0
-0.02329227199972855,0.36396887754394447,0
-0.11032216042036488,0.3431796919888899,0
-0.04007619573509284,0.3945206633643657,0
-0.05718572825859993,0.42756446915165974,0
-0.04306263669064522,0.5144202415286021,0
-0.04782983063082323,0.5903669316802822,0
0.030909376625709764,0.5523583786526358,0
0.07901757722234141,0.47438528367461374,0
0.06623396933518065,0.4820083997153724,0
0.07925305668762533,0.472653712536595,0
0.04803422601616783,0.43626304430961405,0
-0.017233542905260538,0.495875903655191,0
-0.015975915044894137,0.437234404572961,0
-0.06491296362971416,0.3880509388642971,0
0.05152773050018193,0.47030686999380494,0
-0.013452468045014085,0.5142793232038136,0
-0.08970500401807112,0.4399005093234343,0
-0.013785083867628348,0.4583936469063056,0
0.00984065357100401,0.48143180051142637,0
0.07455690799851102,0.43477646343618764,0
0.018749019681738574,0.41825690715357833,0
0.038076753272981934,0.4076341842947451,0
0.10039166283572795,0.440694891777113,0
0.0591608828265928,0.5200757497035728,0
0.031352735869271946,0.45414393149494753,0
-0.00016126162783301062,0.40806143369432724,0
0.03232437689363313,0.47974948829096786,0
0.018265924207880143,0.48511560915559765,0
0.02006386152440403,0.4992651173839976,0
0.030909724013573565,0.5051001931590026,0
-0.040698666103550045,0.5537993919435965,0
-0.05049684325740206,0.5629436022181508,0
0.03613291823009296,0.5754616600742599,0
-0.031364067418753055,0.4884012313173284,0
-0.036106213864535705,0.5158431763556015,0
-0.07493374908810516,0.31013815606229556,0
-0.06062267523472405,0.38061468240661156,0
0.060040385102103855,0.4409747334385341,0
0.017000087820651447,0.38353313991875715,0
-0.030545097505603726,0.501732328560086,0
-0.017666369049134857,0.48054768595529523,0
-0.03549999922409107,0.45387272882652946,0
-0.060520823182614154,0.4872736298336419,0
-0.16136490452577026,0.38921324585109124,0
-0.11844212226104708,0.4330301192358036,0
-0.12099887912833153,0.4844806168081393,0
-0.09355380926940023,0.5344678851659544,0
-0.053773458149702774,0.3917690133485248,0
0.02198801079777779,0.4533146073123973,0
0.043340659889694724,0.47680013141541466,0
0.1240900192859364,0.4222130021737857,0
-0.042334388770214795,0.40745897099959205,0
-0.04204022874195687,0.46960659515044556,0
-0.027131319964175463,0.43393079305357,0
0.005322381165407675,0.45134866463413204,0
0.04245184172487346,0.48229227940271513,0
0.0640203526837562,0.5184483984160848,0
0.14419815509263745,0.44549494640626547,0
0.057261970759282466,0.5129839620007111,0
-0.01678501415315163,0.4636213373398154,0
0.004916215361984111,0.4857729479908707,0
0.036203590537776976,0.367976407331835,0
-0.09000231160606961,0.3950163067865186,0
0.00829587301100719,0.4769802082610053,0
-0.018872094735951677,0.43748058694803066,0
0.06034784244359788,0.510280665270091,0
0.07995279603976436,0.41017175043472515,0
0.020586628838354465,0.3147577742764627,0
0.1285510209564269,0.43219979904949823,0
0.08424646456240979,0.37077687713542484,0
-0.0016748036499837637,0.356347926815463,0
0.11804395056003747,0.3312975306948079,0
0.01409326173523505,0.39641502687338737,0
0.07758419025074534,0.32970383649588175,0
0.10037913180458433,0.3137108562424409,0
0.12348293953303169,0.37233709465369014,0
0.10579028697886342,0.3851397437121169,0
0.06298981537479087,0.39236656445009327,0
0.09608158816746945,0.38658255328110064,0
0.1609019292648296,0.42427131287018793,0
0.10267786117021882,0.4473782502953738,0
0.061736247259807746,0.35625110489430317,0
0.09837650980263399,0.31429040200201747,0
0.14456617738292768,0.4344594682557245,0
0.15875816141457924,0.38571071826236103,0
0.09908667984104541,0.48001212530219917,0
0.09129712226609878,0.4282923792911805,0
0.14412504392012085,0.45582098892312795,0
0.14110074998029,0.3612683926049163,0
0.24195605288780875,0.4351123456705022,0
0.1482462502446039,0.5214983457934772,0
0.18919269763999924,0.4546461155232697,0
0.0980041846551483,0.4144158261969645,0
0.09860467356753026,0.4272593756994458,0
0.05282970508313035,0.4106919410581952,0
0.016293507475868697,0.3694649476141563,0
0.047918101247344934,0.46013514402272265,0
0.08228827966619026,0.3945398288086125,0
0.12629919459248498,0.4330775627417823,0
0.1627196469189697,0.512131737049778,0
0.12404783139506151,0.4753616173441523,0
0.07894874822076625,0.5164086304897996,0
0.12357067683502168,0.4316361483770258,0
0.10687883431874579,0.5256832856164061,0
0.049409501332314795,0.4733286071011375,0
0.028301190148470663,0.5107045465127226,0
0.036152301999895387,0.553753268915404,0
0.08337060618533887,0.5805488143989247,0
0.09065350963884315,0.5144650666710164,0
0.11812770116653293,0.6038199550364335,0
0.002778745056299506,0.5645135844332683,0
0.08331428639791001,0.6038058738215788,0
0.23879040594385403,0.5189747655093271,0
0.1366189880325973,0.5740740490796231,0
0.16350672699673105,0.7026340973674887,0
0.10966648865356893,0.7317892840328941,0
0.08068846310516385,0.6453069030562614,0
0.05739643676479447,0.5430862224055516,0
0.08262257914542046,0.559721384792999,0
0.12270562869899504,0.5774126163631335,0
0.1532456488071487,0.4707501906573141,0
0.11996562380330522,0.5534525208130614,0
0.09662139678825303,0.4580735019157167,0
0.09852240221117319,0.5763560798890831,0
0.0971139696489452,0.528865632943991,0
0.08107016472108516,0.4724767643076935,0
0.16905090600653327,0.436149414551316,0
0.1341813651202581,0.5802836054450473,0
0.1555347728151344,0.49788913244500554,0
0.19657933267505734,0.5388523830506698,0
0.14043342835055764,0.48900193128263897,0
0.10600004405252836,0.5240634592709698,0
0.11015986948810318,0.5594894797167665,0
0.05536425044606861,0.5061969739203844,0
0.023172991058655598,0.4917808248190021,0
-0.0073284355647054746,0.5151265881350309,0
0.06440794143426135,0.48318165589139805,0
0.028617465133340347,0.44351444040973476,0
0.026537875202771045,0.4739424646826663,0
0.03818362725567197,0.45000381708422993,0
0.14202329798233193,0.39563162241731736,0
0.2009958829118863,0.48829602162143065,0
0.10829682504068386,0.38455469660253194,0
0.1053000414755218,0.4980829381507336,0
0.11359554887166784,0.48643426049962285,0
0.11596309354487065,0.42845880901099526,0
0.12613484127033486,0.4685426337463559,0
0.14168835245430292,0.49301797988297463,0
0.14603877830737919,0.5766179095760064,0
0.11696663217596821,0.45259748826989915,0
0.13312032639381452,0.40131370489739393,0
0.14955410181347623,0.4180232039647973,0
0.08828703845338534,0.4177342155463561,0
0.049260653360922356,0.4668053928900366,0
0.03722655042700084,0.41677624082675413,0
-0.004967026951043341,0.4761877715786132,0
0.11243825229540043,0.4436601260687629,0
0.03708709914631969,0.4476778325100006,0
0.12657106945295074,0.4258460210535555,0
0.08982871371969647,0.5639971386317858,0
0.10639015045053582,0.4992580046157034,0
0.10636020152521276,0.37454030389948206,0
0.007605663697434664,0.4453357359320703,0
0.033774012799312136,0.4235009598573212,0
-0.005727989221366185,0.42573909048848213,0
0.05211552760385047,0.4609979062930718,0
-0.0761624378701159,0.4842259327730018,0
0.005801600599782658,0.4314260273828684,0
0.040511949081934014,0.43087043077622894,0
0.11628319585121191,0.4452321568937906,0
0.04878480706473563,0.5128231991938887,0
0.036405022246570135,0.45464050858333166,0
0.07665915532160898,0.48859642891406885,0
0.0932017325056747,0.5831734787362584,0
0.037073953810671946,0.6124622249321324,0
0.05852072736941889,0.7607390236679764,0
0.05911574914661542,0.6433551792750238,0
0.05443572984724247,0.5793117559445015,0
0.02910562810534992,0.5874065862136891,0
0.0441702250721483,0.5988082210739787,0
0.04740094543313533,0.48796376359950516,0
0.13113230556671915,0.44800820464800056,0
0.1794397075064434,0.4985692129645975,0
0.2811173448628784,0.516507834111801,0
0.24034726581541138,0.5316344072970699,0
0.22071837468233207,0.5086180217737627,0
0.2220103179248887,0.5414710992740811,0
0.2554716843631279,0.5628270598220486,0
0.2373386313204455,0.48941641818558174,0
0.3239978772119652,0.38628139955229013,0
0.358663854249017,0.32661309825631585,0
0.25327869141675335,0.2901851230474013,0
0.21228542312021692,0.3222365325065827,0
0.30653515296642475,0.3647154391868583,0
0.23992646027959874,0.2739473181739437,0
0.19508350336248087,0.4252172053453044,0
0.3169338112230453,0.33649067450253717,0
0.24575225678818952,0.31561901796612385,0
0.22748309586534332,0.414385206165161,0
0.27263039251790966,0.3770513021158161,0
0.20118132791263438,0.35794581343395937,0
0.23652237843549573,0.49488713918867366,0
0.2983385164207288,0.4473779149399003,0
0.19129313236625795,0.4114723952190928,0
0.34131028885442094,0.40727587219992967,0
0.2485153292818902,0.443604093213009,0
0.2802000146754805,0.4513929792891577,0
0.2583281218742438,0.4678902959345619,0
0.2745280518642633,0.40776196206938514,0
0.1578213943113868,0.3302334836455201,0
0.0887926873367125,0.379483629833661,0
0.14171242292820035,0.4610856286559071,0
0.12805325283735372,0.4529510199133497,0
0.14364020142642137,0.5373526559411292,0
0.12368079422470257,0.4456124729845894,0
0.081898809406287,0.5607377082688424,0
0.1018022367288581,0.4756790619931789,0
0.17132349976921565,0.4238875335032617,0
0.22743087687843802,0.45158193484111014,0
0.12878994723832193,0.44101310659780196,0
0.14983699099044556,0.49374357290833143,0
0.12851386245273314,0.4202426501659188,0
0.04094983601478851,0.4164668792972325,0
0.0657003772966995,0.4172837698213766,0
0.10936336045138391,0.3585392236106255,0
0.19826113076926918,0.4411212151581754,0
0.19001877969974493,0.4048436565511213,0
0.21183571377128504,0.4818440835711196,0
0.21530452565900382,0.46742912655978835,0
0.17611703336592677,0.5612974489522533,0
0.14464279457139703,0.5776290487164949,0
0.18198523308430326,0.47046206721078776,0
0.13871137842317277,0.3979479188272637,0
0.13248983335917644,0.37429056564217356,0
0.13259452640686253,0.3344048243213929,0
0.1213181881942155,0.3764815338348031,0
0.024589312242473585,0.3506704208092363,0
0.05489019055108241,0.46574228013339874,0
-0.023388762464292598,0.431381918336481,0
-0.01701564658392537,0.3871012528034572,0
0.009452807789712525,0.33727785790816234,0
0.02391360435614371,0.42202267363642043,0
0.02648816272647656,0.400242434649398,0
-0.005949343211251967,0.3345239431737947,0
-0.08578414605493419,0.3471572002786705,0
-0.06446341393868754,0.3369048608637837,0
-0.004404507408532238,0.40590476740271303,0
-0.03766254909861193,0.4776040966989541,0
-0.01737241152955887,0.43784245603983424,0
0.010182264514907325,0.4921294487398852,0
0.04692509603051649,0.5786470705156428,0
0.06553485080094834,0.4922494237117998,0
-0.03268695310396742,0.5052251341484717,0
-0.03993155078920914,0.4604258274703993,0
-0.07807810559219884,0.4380189921729518,0
-0.049131532641088334,0.4800829141679338,0
-0.10848352854856627,0.34530758208772394,0
-0.054505639675888444,0.3847575676961802,0
-0.1049593790716221,0.4982394218097497,0
-0.07404247461722555,0.40896680409073727,0
-0.09702027841909068,0.5088270329144449,0
-0.05742305021980879,0.43671217218532044,0
-0.07094052834105366,0.3730211572504407,0
-0.09320912660385294,0.3505945609829233,0
-0.048681270413142984,0.5037397135900711,0
-0.0416398328784943,0.47198829426950345,0
-0.053686595099291724,0.4549581761090077,0
-0.03746668964928555,0.47056847787191974,0
-0.08668345320801764,0.5307203436687786,0
-0.07403399488417264,0.5175766387693663,0
-0.07089753571902774,0.4043485255837179,0
0.008827168416012318,0.5055422749921445,0
-0.03131680963113349,0.47175617565079386,0
-0.07672008067466879,0.5114915527595515,0
-0.006741442655494284,0.39303498816739924,0
-0.04249217154888025,0.4813683959932693,0
-0.051530735069509156,0.5320064756212629,0
-0.0009418011118557737,0.4698004823279781,0
-0.0781583359498492,0.6022794652371085,0
-0.016833209773543627,0.4809900440508004,0
-0.08369826514679488,0.4900205748267085,0
-0.07778012739129676,0.49743610860722004,0
-0.03568984868117207,0.5191695736289543,0
-0.16697102961158877,0.4949168397371306,0
-0.18721077334528693,0.46303946346600894,0
-0.05474767494964819,0.49983596140424635,0
-0.12892188061981064,0.48442781502858484,0
-0.17850871055191914,0.453587659313946,0
-0.13434737811793623,0.49033111443286903,0
-0.1835680968510301,0.4574471447745102,0
-0.1714904078843349,0.36825601331806856,0
-0.12813050859819436,0.4316325364845,0
-0.055926599229421906,0.4623244023348836,0
-0.05949427632649752,0.4100556622758094,0
-0.03758834221785627,0.36536298276689494,0
-0.0020416726569933916,0.42072149123768676,0
-0.09799802367583685,0.4301625727754818,0
-0.022920536787130477,0.4153096573798133,0
0.007987753442187068,0.49687250008003603,0
0.066774330279079,0.43894792095142754,0
0.045005990212057055,0.4930390507539674,0
0.03022082236046273,0.5692487029836091,0
0.028110365426557853,0.49209508408942576,0
0.06025320600690531,0.5118096748229066,0
-0.04358328462920619,0.5232459231734155,0
0.11840428761304903,0.4872420449433673,0
0.041680148023584315,0.5072068807817587,0
-0.03006304963150687,0.5620703080829191,0
0.039456939470075544,0.47870530256263255,0
0.00306586691774062,0.43327446387613866,0
0.11431089254547268,0.5009954123342776,0
0.09589523181105632,0.5425871513129367,0
-0.006759557460614324,0.49011396567220916,0
0.05438876071928805,0.5288118082955108,0
0.07400930801813513,0.5149150049925563,0
0.05713986093205261,0.47457060531232437,0
0.142972074018815,0.3788111004346485,0
0.10192558815498404,0.3693065422405737,0
0.1533265884712278,0.3860450353592953,0
0.17165166272271834,0.4429691953168502,0
0.19880308051813914,0.40266824471326307,0
0.15416485910333794,0.34060620682414644,0
0.14137195282919335,0.3775673665780831,0
0.20455714652512896,0.4377089710018248,0
0.11939376986561315,0.49408073661538543,0
0.07371049036232084,0.4332106495452801,0
0.09991594727312486,0.4513423628176961,0
0.15586213623008632,0.3961043630002468,0
0.023729277599728427,0.3649481356476364,0
0.03438983135477132,0.425276731771538,0
0.021800365417107857,0.3906050713509392,0
0.14234925885015803,0.3663664453662618,0
0.14962418346619322,0.3311539220359938,0
0.04981974104988285,0.33017224618286556,0
0.0662732022579735,0.3259791368082951,0
0.0885239684703811,0.270291050339055,0
0.13142425128100407,0.3358612641497606,0
0.042893126173952634,0.3557438297864825,0
0.05244469098773354,0.33676045401066296,0
0.07039137971496115,0.3780102173840638,0
0.09572185493076009,0.320709511341303,0
0.1298065735926942,0.3378098314418087,0
0.11784745071130497,0.2609949795928672,0
0.17985299011415817,0.269818900519097,0
0.17038365887814227,0.3090806554719127,0
0.13339015142385188,0.2572712801594788,0
0.1577749279476909,0.38084718419604513,0
0.05606046933044359,0.33348752876467713,0
0.16089130372894836,0.29217747131886296,0
0.1903558271416452,0.3754398018987645,0
0.17633176010633095,0.2817349110768755,0
0.08016511962976718,0.3186516005332802,0
0.05072222263684349,0.29269855493460745,0
0.11625461738517893,0.2883671011572343,0
0.11182990057433445,0.3144432368465594,0
0.027313885164160695,0.2861158153939523,0
0.07622912865719397,0.2801695995918707,0
0.08550112917459549,0.3289201197025524,0
-0.0022420765154817363,0.3275811790042588,0
0.02676883489334908,0.3259147029722956,0
0.013070606231740028,0.2907959353392418,0
0.03770734712511464,0.3497635364686424,0
0.018733350797128873,0.3757076931774724,0
0.0863757046179717,0.5440971149368852,0
0.11279354450273053,0.4220725995642171,0
0.08201463172154407,0.4106825560681334,0
0.01654390923402918,0.4772343480314038,0
0.12250694611959843,0.3503089915702523,0
0.12227249961201624,0.3772305891901398,0
0.07937833510979375,0.43462402583268467,0
0.05445604316003552,0.49597149526152384,0
0.11984101577094329,0.4044022847622276,0
0.10272005823244973,0.3631884939470099,0
0.13677419727904297,0.4675197540818752,0
0.08279143702654382,0.5008475718347231,0
0.11010048526569606,0.5434291113400381,0
0.10588001587410886,0.5163226151365798,0
0.04096052737565223,0.541974532565121,0
0.04539548526707081,0.5804798086108739,0
0.14264071855622432,0.5174936013110198,0
0.095866750412231,0.6029086588674817,0
0.10417356443082625,0.5556930995773766,0
0.05901617462079733,0.6128681917288641,0
0.14874442914872193,0.4815517709781271,0
0.15489557327336778,0.40141826973995487,0
0.16734853762086077,0.43709126620504485,0
0.12441315906339775,0.5053556152198689,0
0.07319470698652977,0.558091442804992,0
0.09180315005993193,0.4992995242221104,0
0.03481651911052645,0.4372019920140712,0
0.04685384449515243,0.4790455836950571,0
0.10031812487555587,0.4116029160056792,0
0.06000129666404668,0.5119873146247927,0
0.020076007805194397,0.4136848807216597,0
0.09080082731675124,0.37078035131440484,0
0.023970521602803302,0.31857492540513616,0
0.014050990410374177,0.3337258173113754,0
-0.019168901687991492,0.3468488413176578,0
-0.1211742251042564,0.3662861772305119,0
-0.02660165977681747,0.3977511843956328,0
-0.048441076987463055,0.34594394394106676,0
0.01674735670124082,0.3383072565851543,0
-0.022673999305747573,0.39374141889340164,0
-0.06067174534612397,0.40213538220810363,0
-0.16428762288410023,0.3468985427396599,0
-0.0820891469544924,0.3825478486425944,0
-0.17787616056164218,0.3464898017660885,0
-0.0890204517189862,0.4034324171595493,0
-0.05529248917821145,0.34329071761488716,0
-0.021552947341226973,0.3006586709787802,0
0.07733539629773192,0.39246067007383034,0
-0.06858019005045396,0.4008718187801213,0
-0.0948429946808265,0.4142569254220542,0
-0.050350214278616766,0.3627008001118544,0
-0.04620167403458467,0.39597233106346086,0
0.07794786702925774,0.4239555510689,0
0.034582394274308814,0.46290989603099175,0
0.11794991270586404,0.3759611887447295,0
0.05867793938336118,0.45389691915943514,0
0.08358412535351076,0.3698109749054327,0
-0.00567795677645648,0.4365847063634073,0
0.05023135485264502,0.4434684344290723,0
-0.007504223989698952,0.3753926069273921,0
-0.04556576654929176,0.42548194958644303,0
-0.05548144355597597,0.4612064792254995,0
-0.012857341093932315,0.4864150999736555,0
-0.045691475941144345,0.4096596396162115,0
0.011484048279722825,0.45320693594982875,0
-0.04367033019168906,0.4476563403759756,0
-0.12794844437002603,0.4762970681540103,0
-0.13043212150600134,0.46315593012654754,0
-0.09261710069667933,0.5605490221101976,0
-0.13274495836788447,0.5202505279254626,0
-0.1239959916668488,0.47222125432948237,0
-0.028667017416606322,0.609286085322185,0
-0.03396008542441557,0.6168687986477218,0
-0.024441342559111023,0.5924668601529232,0
0.0436651370842214,0.5186620972391869,0
0.037395314371043334,0.5703126106029289,0
-0.03214426493022947,0.5503206839160011,0
0.05404162869427173,0.5572466321336159,0
0.03459649926028825,0.5165657713395703,0
0.06940669443057551,0.5727563611886908,0
0.01968881867734311,0.5025775218038482,0
0.04783080605687164,0.5134401228651111,0
0.044174901051152696,0.5589426911385645,0
0.025829389050297323,0.4739842421078441,0
-0.04030699865781288,0.5152759023171988,0
-0.019331562858940797,0.6011210832565246,0
-0.01775921073281994,0.5618394039701973,0
0.05380894255641336,0.5345817147822874,0
0.014326307573504247,0.4578649387718542,0
0.03893726271913724,0.5261854525139642,0
-0.038348338859759475,0.5123885520586383,0
0.04402083488834887,0.4605395937793319,0
-0.060882334143606935,0.5353838644436207,0
-0.0259084774014715,0.6116397791382394,0
-0.04133118227754991,0.5868196582194946,0
0.013504701344043454,0.5529228816235968,0
0.04020971802669032,0.5551273390813407,0
0.03317747129426116,0.4733089033233723,0
-0.058670531470021076,0.5790830199475135,0
-0.017798228832381406,0.5054723502801876,0
0.09912245235235564,0.5016732198506907,0
-0.05894737548261439,0.49694327161166796,0
0.07429638538158245,0.5060944462162443,0
-0.0928455283554589,0.540227830676659,0
-0.05854973323548476,0.5600735959256061,0
-0.04061734881721897,0.556004778592838,0
-0.12481890749849903,0.5485159202544614,0
-0.05435783544836391,0.5218674188763602,0
-0.03191318289196575,0.41982589141318905,0
-0.010130648161473313,0.38671742315753327,0
-0.08612561015585171,0.4005454813425146,0
-0.03213039473030911,0.4145799901558829,0
-0.06220857209711243,0.41077547493568883,0
0.0042607001769906505,0.4186268616528877,0
0.009912873199596217,0.4773353872458468,0
-0.07148333489766993,0.3455800885514213,0
-0.03487613418047225,0.4598077373853738,0
-0.09351975737426801,0.5634075996924454,0
-0.1313100779877734,0.5673232784662162,0
-0.16093496895957904,0.5203758727668789,0
-0.18883962539076196,0.43147499454141747,0
-0.20376147853328616,0.5348077977257305,0
-0.1831394185796918,0.5176395273532225,0
-0.16786653090566495,0.5298654167615536,0
-0.12207304762224624,0.5274229752391107,0
-0.203336478282293,0.6030695504565715,0
-0.11899270137462972,0.5939963360255525,0
-0.1982148271256378,0.6469901571466785,0
-0.1441608682285771,0.6224272991283123,0
-0.11230317471138684,0.538888802294378,0
-0.09961291268029564,0.5813573875518606,0
-0.08709908241594405,0.5144108182376897,0
-0.14831730959322564,0.48813772973913694,0
-0.06614544454510207,0.4591171913840174,0
-0.05075636771690868,0.48866475137619625,0
-0.13250676167884837,0.4960385711772071,0
-0.14707661825223864,0.55841807034284,0
-0.17479577237141666,0.5582790435855822,0
-0.19157067176937656,0.49657641639035927,0
-0.14644848080608586,0.5179731364899376,0
-0.06989250119563055,0.6262810549325116,0
-0.17743679564274212,0.5276896892887817,0
-0.13934809613416535,0.6487155508046548,0
-0.0951339754256737,0.5451845848744958,0
-0.06890142198787756,0.544859297355231,0
-0.09709465280252494,0.5181028529992004,0
-0.09683055206268826,0.4873284831398614,0
-0.10990370896950519,0.5855560121755942,0
-0.09814916234760168,0.5876954106579435,0
-0.10245631509636886,0.5875029771007508,0
-0.1112564314326061,0.6360381189769739,0
-0.057128652571801504,0.5849078738234097,0
-0.13850132048145966,0.5829273716575348,0
-0.11481374194351132,0.5931660714925274,0
-0.08815584162214973,0.6537550654524839,0
-0.02011738437161252,0.6360794507444774,0
-0.09695870726873165,0.6169500437978632,0
-0.10507868056391798,0.6396672935037101,0
-0.09144499184792948,0.7034974411352631,0
-0.04133569115277261,0.7029150328718876,0
-0.0464278540744432,0.6395273335749007,0
0.04452181277179942,0.7271963523141258,0
0.07643718174468776,0.6390298160497223,0
0.08291934974463376,0.618029060720489,0
-0.0012318706752505598,0.6061872662452787,0
0.04555146774303116,0.6295466555280369,0
0.07102002466668825,0.5700595980355733,0
-0.04924359277848324,0.6496055827375136,0
0.07335173625307319,0.6211770888197244,0
0.0042207463629486686,0.5745826377673406,0
0.021801371267148383,0.5699662940897015,0
0.055853819504876445,0.5181095181111031,0
-0.026781738873483882,0.5830401026898947,0
-0.032386781692386644,0.6116928362073363,0
0.008328265590597392,0.5904891282881752,0
0.00451322251589759,0.6688745217342666,0
0.007642021955499919,0.7251892569918144,0
0.07153102214015797,0.7148364925308299,0
0.005610596305597598,0.6834505778078989,0
0.06179477360054242,0.7052533099911474,0
0.13546960473492115,0.6578355747135674,0
0.1492469117442869,0.6423285776827101,0
0.07613815995103629,0.5550386757531529,0
0.0615306736842211,0.5722743118678544,0
0.03410520277579286,0.6267987012865686,0
0.08104447056974433,0.5706516378308322,0
0.034884273532740054,0.6757708544194324,0
0.1503172014730653,0.6341722948515864,0
0.1312982711750191,0.6594513769727971,0
0.0869864512354209,0.5614951600614856,0
0.012457670228188777,0.5398022140316261,0
0.017454582503571864,0.6746638946157423,0
0.04873538950697101,0.624515707385279,0
0.016577548301919418,0.7587888400554621,0
0.05748351222337655,0.6328318038813309,0
-0.035473223229480204,0.5982287376818247,0
0.02678081731431802,0.6918409499451385,0
-0.02186584402841612,0.7203864866687266,0
0.007716442554431536,0.7857558860630761,0
-0.11825468099925619,0.7354821895134952,0
-0.13700227830340467,0.7621693580906155,0
-0.14029249878804806,0.7931161399771175,0
-0.14864473392292493,0.7914141669577518,0
-0.11995196637737336,0.7638037072832766,0
-0.011683611168329389,0.8282023133143436,0
-0.03920393903075405,0.773379985225377,0
-0.047905346668878,0.821652557575692,0
0.03329289450036559,0.8261291829365288,0
-0.038700701779456205,0.9041564083942338,0
-0.1329492140858357,0.9246080501758592,0
-0.15301172651140219,0.7834160119493645,0
-0.1374170177772682,0.8565478064322629,0
-0.13164214608358207,0.8621924789375487,0
-0.1474730195236682,0.848513489280116,0
-0.15397972733748486,0.9096788262614733,0
-0.15084934037795997,0.9477287567905052,0
-0.12309131007226784,0.7648655778353359,0
-0.10916994195765813,0.9421058199740433,0
-0.11160972616576513,0.8555823270211077,0
-0.03615339751831964,0.807928729624798,0
-0.03386320704333548,0.6809782481366194,0
-0.02057235476800648,0.7018771790641322,0
-0.05079135410659258,0.739419785209908,0
-0.06581692006837654,0.7618199487766848,0
-0.11599738688252631,0.6350481293131641,0
-0.12137495771127033,0.6475127197391918,0
-0.07814135012327705,0.7294132148173514,0
0.026963804315749518,0.7603405887643291,0
-0.012648059737138277,0.7385221876489009,0
-0.053868487670818296,0.7655595859567424,0
0.04017377465850805,0.6840196537262748,0
0.07073867888599522,0.6523754749401064,0
0.14011599772543648,0.7037297322647759,0
0.018078911738617642,0.6862389655250359,0
0.06188677326318736,0.6704580710046741,0
-0.05089533168456075,0.724789952192933,0
0.04595241499485706,0.7509585451576573,0
-0.04423231553764236,0.7583634789655119,0
0.0023896360590810253,0.7166426898877725,0
0.005945373187754111,0.7360564564532703,0
0.035198572213125986,0.7161468331590564,0
0.06234752244128008,0.692857863691894,0
0.0796476404390366,0.690727335275023,0
-0.016098389126861748,0.7198612805279648,0
0.1048754310018253,0.7561641794879765,0
0.012800437953727775,0.6915497094249174,0
0.07315257503589398,0.5720694145998537,0
0.04938899024920358,0.6438826583519832,0
0.06573694343227492,0.6280675728535269,0
0.11360654852274621,0.6154344870568058,0
0.06852895764208394,0.6028448980182657,0
0.0982349993773977,0.6327717103391114,0
0.06981391083218447,0.6418006686072036,0
0.01564393419708772,0.6293426297296993,0
0.05990798702366227,0.6528017209892863,0
-0.07641785640567877,0.5661048636458709,0
-0.005100144650578925,0.5712270536273305,0
-0.01595506797107192,0.4838742739140268,0
-0.06961270793913818,0.4588872360134553,0
-0.01988040348876205,0.5193377044600775,0
0.004735483611190396,0.5419970927428434,0
-0.013174497922300257,0.5904015956941671,0
-0.14669981034020102,0.5232840489833678,0
-0.0485034446379449,0.4811472285553333,0
-0.053087199040287435,0.5546161593037566,0
-0.03149937500512946,0.5578938007313847,0
0.06857042767392878,0.48400616421390663,0
-0.011353435558737024,0.5914874308380903,0
-0.05541275632168472,0.5636117733294191,0
-0.05739886689089668,0.5873153300628116,0
-0.08757805134273333,0.5923122788730807,0
-0.01601675450205864,0.5408097946291256,0
-0.03520159596627864,0.6137228015120301,0
-0.012662421920615553,0.7115738544808216,0
0.024041848686518725,0.6600435704796401,0
0.015952669513713658,0.620125573188846,0
-0.02187103014171518,0.6326374797716814,0
0.023204538034542775,0.6267399636532907,0
0.04128919099950785,0.645008936222478,0
0.07272019936690516,0.6479102482718414,0
0.039200369593139245,0.6643735277900089,0
0.052495698568216745,0.7219486654681844,0
0.06795644528440971,0.5986590810062561,0
0.06402568797114157,0.6381927360232434,0
0.02112188197062865,0.6534244142754159,0
0.04319830837983457,0.6414305449955445,0
0.15273799782261152,0.5577501340390687,0
0.07306609020358158,0.7190296450732219,0
0.09821254104193936,0.7920257871826428,0
0.15992483480499328,0.7959708317227803,0
0.0835377667664379,0.7826848736825323,0
0.05300796113603248,0.7718132313180524,0
0.12486436942378111,0.8120051956133305,0
0.08361097854415454,0.7656987111391098,0
0.104806184579104,0.776362195052854,0
0.08758103346331769,0.6884878064476737,0
-0.016987690317045667,0.7195728714079683,0
0.030536442032168577,0.7176085907009385,0
-0.016084258275292855,0.6732059394299595,0
0.062003471504233805,0.6747670832592689,0
0.00897102694287958,0.6105420268784434,0
-0.025207837611903004,0.5879918232578927,0
-0.029594498980160013,0.6226908688931707,0
0.009718302295914319,0.7019438124627048,0
0.049701865252439054,0.7025834714641694,0
0.045610242902364706,0.6993978745324717,0
-0.002078632966615361,0.7516696405162997,0
0.044242734219935666,0.7501742926085214,0
0.00811536131206509,0.7076848539420675,0
0.03859886200099512,0.7078170011757788,0
-0.011764661525535423,0.7203834846542242,0
-0.1197275768659499,0.6866494069044922,0
-0.10533560413784605,0.6089021258860965,0
-0.0679663008779375,0.547168955998842,0
-0.1514758668475324,0.5357333560355829,0
-0.11603376913165203,0.6414718426491608,0
-0.18074176762471722,0.5671498703171554,0
-0.16899151977650165,0.5579281124229464,0
-0.07703554930322232,0.5259853584820493,0
-0.15207888724090723,0.5760838342900019,0
-0.17652123558640048,0.4400904759844008,0
-0.06226402987488806,0.45436079413791347,0
-0.20331951045995222,0.4632209708812647,0
-0.2202446859053022,0.43830161402917733,0
-0.13509239535881853,0.5428006554899036,0
-0.21999827807069255,0.46982854088552106,0
-0.029389832778324215,0.4621743146000401,0
-0.055005345242667085,0.6167552681367634,0
-0.08951718133220056,0.5481190369621661,0
-0.1278220229959702,0.49674372321752647,0
-0.08894885644370053,0.490672568120397,0
-0.12005994084656926,0.47614553751247385,0
-0.13305568276744106,0.4440187839511054,0
-0.0640567218562519,0.4284669479781179,0
0.02887539017639576,0.46487936682642544,0
-0.056870280671671505,0.4251980593261778,0
-0.049624949807214144,0.4637795350640142,0
-0.05709254953545621,0.42735921429051715,0
-0.09048304954260887,0.38534192072262796,0
-0.08659290587212727,0.29831691654543396,0
-0.04336572137432913,0.38191927945611037,0
0.016974224623280527,0.3444516625401355,0
-0.0360175706746143,0.27233605602830985,0
0.05194762735860977,0.2921405855027455,0
-0.0004328519890339569,0.277133166559481,0
-0.002449251526472147,0.2865696925081756,0
-0.0009417146633944786,0.3042183272482354,0
0.029165042050090798,0.3017036473759895,0
-0.05853975303370548,0.30613840984730367,0
-0.08967034135160346,0.43564895498981293,0
-0.047996460345195884,0.31962849110116426,0
-0.09689490181852349,0.4696277652940394,0
-0.012624446606408171,0.4386605684532619,0
-0.08033110141751744,0.37239169148160034,0
-0.10063946983573445,0.463076228302243,0
0.06960551918677736,0.4606776413944546,0
0.06481600397628678,0.45371460259771335,0
-0.08130770920497776,0.4505048073368235,0
-0.08074469731289774,0.4132271669749427,0
-0.052010305516072435,0.3863002803864789,0
-0.08126295364526014,0.4197687165949572,0
-0.11908421011568816,0.4083979762738802,0
0.01587146056477555,0.4312037874101529,0
0.013611837054324567,0.4315172116039857,0
-0.01957637082846688,0.44058905298969486,0
0.02153119964595543,0.4385384737744068,0
-0.03513826816760241,0.48924230894268667,0
-0.011206806168271265,0.35165948408417774,0
-0.04756249399548362,0.4510380928849479,0
-0.08965245189195833,0.41571684968612527,0
-0.13802956901630564,0.5376701487772737,0
-0.11890719634470995,0.5591076489751381,0
0.01462108944114865,0.5686603185973503,0
-0.029252152010952763,0.5596909097587466,0
0.042688846845435995,0.4205544872034518,0
-0.03353149550251532,0.517928396927239,0
-0.011352612036694385,0.3998659636749169,0
-0.009267636452835161,0.4077659311736991,0
-0.10676756714066019,0.45063278957587394,0
-0.04185470501007747,0.4573080111030762,0
0.029139937570068025,0.46875803343782946,0
0.0031776056372549294,0.5450032985440616,0
0.09250494265360591,0.4659759636007049,0
0.00423850955345674,0.4318747743436252,0
0.026712447251734446,0.40219389177514875,0
-0.05390388978260326,0.4860790207827601,0
-0.022713377379057834,0.46517042946245485,0
0.0028812991720857314,0.4293412396228582,0
0.048573868040831275,0.3868665865127403,0
0.004200954272984114,0.44273940885894236,0
0.024602390187248302,0.40554952811034506,0
-0.004101919242309054,0.40334532327182965,0
-0.06296018195399528,0.45258546291179075,0
-0.06609519348339178,0.4315529589170802,0
-0.022541441770624525,0.43047751057587985,0
-0.148283749407325,0.40997158070858614,0
-0.04384485146697781,0.3828939098969628,0
-0.06679679613619585,0.39487321120736346,0
-0.04294510796292374,0.4237818725023896,0
-0.06873390834510655,0.3962651094731528,0
-0.033555340363378004,0.3460965020554168,0
-0.20606969815166404,0.35662054170876106,0
-0.03833828199347711,0.3969853512529238,0
-0.053510064514498086,0.31923156574157563,0
-0.08826838241917742,0.3017270266500456,0
-0.06428018084799132,0.28952442827105235,0
-0.13367097605785905,0.3411343503617924,0
-0.0023150090427454806,0.4021383851957744,0
-0.09032949232255254,0.3104521359822706,0
-0.04535629039132147,0.33842097815449407,0
-0.02000282149847161,0.30978795890417365,0
-0.07482980057919676,0.3306000214173807,0
0.01423715419808462,0.3329691846217594,0
0.03735884429277796,0.3327611571243498,0
0.055456960893443576,0.39380374136157986,0
0.06444382278239208,0.40736498894483303,0
0.06467056552217157,0.3904242012420085,0
0.12497206302144914,0.3358054772166579,0
0.13367861578684673,0.35694351208824393,0
0.05819669618616172,0.47288178685421256,0
0.03306623392840834,0.4715585779224957,0
0.07047265165319386,0.3509824559592911,0
0.018953337112405724,0.4783275825444555,0
0.03700805054850433,0.3831067585803622,0
0.01297680617947342,0.40647464958979557,0
0.08158673896098907,0.453704471330141,0
0.017707836261273785,0.47255388283805216,0
0.025086692139630565,0.4733555043587757,0
0.015538317608804498,0.4906980963125201,0
0.020688265090910114,0.46707886146365746,0
0.08919945037919648,0.5105719661729201,0
0.0042193159276961295,0.5755495660232246,0
-0.033236600601926646,0.5173487349980093,0
0.04854546305599077,0.5043986281099233,0
0.01655842919826732,0.5031455454193171,0
0.020969169445040778,0.5031178099170052,0
0.07231615476591169,0.4767492056677053,0
0.04752441664929001,0.4811141127417107,0
0.060893780186785255,0.5607503466753877,0
0.025380265474688454,0.5281578602267136,0
0.045617442124765234,0.5768683490901318,0
-0.012197749820800408,0.4945524154515667,0
-0.0478759210879343,0.5522307833452584,0
0.05619291054781106,0.5441011537374549,0
0.044360828774882274,0.5325091517767251,0
0.17831931459743078,0.5432072997091,0
0.17667765911069688,0.49030115653918455,0
0.1888301254182209,0.48979163817234966,0
0.14437165309091088,0.48616105490988804,0
0.12119371053646819,0.5281919321070477,0
0.06966207284803753,0.44570033069959214,0
0.07527015304749358,0.40068089932395157,0
0.10005092866999146,0.370637313583447,0
0.1438453638628066,0.5369115579479876,0
0.05360920658299459,0.5957126714241338,0
0.03441640553206833,0.6259927755538811,0
0.010454172664719388,0.5499357154175462,0
-0.11317714339043819,0.5161784179813003,0
0.011652135226925042,0.48565667967162307,0
-0.05478235254647669,0.5408426798423986,0
-0.05977101917906282,0.5131930556433395,0
0.0031151528194707304,0.44377524843423877,0
-0.0425418788592341,0.4310020340017785,0
0.031787646762029824,0.4045874949263438,0
-0.06022723841036321,0.4157258708274828,0
-0.080190564525026,0.5485026341479277,0
-0.08678116079317531,0.5347169468023142,0
-0.024286860940017155,0.5868129224738161,0
-0.031867398904135445,0.5524669683534102,0
-0.05276815395206749,0.5291741784944988,0
-0.09447738163910663,0.6088194927907367,0
-0.04468188769019159,0.4655047433507385,0
-0.055728919832257424,0.4477100314197096,0
-0.07660155730656928,0.5432043297225075,0
-0.046662364478492105,0.49847194306464515,0
-0.02604675867081204,0.5401937804691926,0
-0.03470303252312789,0.596884631186826,0
-0.06394209395187808,0.5842186255977874,0
-0.02929100015850597,0.5648713039907445,0
-0.05405261275927152,0.6057564900458624,0
-0.02694090483127218,0.5850832870157255,0
-0.009988071544051343,0.5695376625905086,0
-0.010594932449113267,0.567320624961949,0
-0.009302604231616107,0.4684484104181466,0
0.039866990187124585,0.5145161377360068,0
0.021750217091430046,0.5979662857580664,0
-0.06599258296155966,0.5760247526430765,0
-0.04557763441546364,0.6446784353146034,0
-0.05226173307939921,0.5546155017021743,0
-0.054778058395532896,0.6192863252479489,0
-0.031018719564547752,0.4893604366888259,0
0.017331379224967875,0.5164246330624856,0
-0.04406253163288937,0.49304268833499654,0
-0.09124923958051255,0.6702589575736204,0
-0.03395604245912551,0.5561542879996219,0
0.0010573461746159543,0.5445646640624735,0
0.003162150986109593,0.5417032449775333,0
-0.08255227130972237,0.5420932065598875,0
-0.12336518567063266,0.3747751400631214,0
-0.07040447466920739,0.3860451581509071,0
-0.09380816725644649,0.4444977951025713,0
-0.07845777993966614,0.3806609174313837,0
-0.1255295443352176,0.4197493552231089,0
-0.14514590296982394,0.4867475395502366,0
-0.10729768703372206,0.4944083834982394,0
-0.02129374258399999,0.4582316089052649,0
-0.05756036802522726,0.3865952730804038,0
-0.07850862425337245,0.4621368565666284,0
-0.09429375979943495,0.5434345815789533,0
-0.0693515255851154,0.5095009487760852,0
-0.0347322576806255,0.4633137790815745,0
-0.1641804148759296,0.49388444105342183,0
-0.09964173251294758,0.3890181914468064,0
-0.03711691530973943,0.5607246856558302,0
-0.06058959832817326,0.4695772943427895,0
-0.03941293486635408,0.45391284321015324,0
-0.09583377444692018,0.4719101060635475,0
-0.032571891034242156,0.5521734866573222,0
0.007421578559482417,0.4826133050547564,0
0.012390691613289137,0.5251946729395984,0
-0.028159403719340642,0.4077364123824311,0
-0.034157725841870795,0.5292580011328466,0
0.008815525434216834,0.4388466723347114,0
0.094202433121925,0.44780800863527565,0
0.06780682078745058,0.4653704211712218,0
0.0521818673208562,0.49740161864376686,0
-0.07773266389866607,0.489851018652841,0
-0.08369885216555786,0.41111017684178586,0
-0.06146177602623712,0.40439449744590583,0
-0.08623127973215956,0.5103226148184468,0
-0.14815063973964582,0.4120126404641403,0
-0.07721756941111003,0.5099292642645433,0
-0.03844699936282023,0.42069545437300737,0
-0.06687815372153695,0.5156835631671453,0
-0.020466923114897756,0.5703006136235897,0
-0.024947655799794303,0.4807010496657601,0
-0.03716413603962909,0.4087777866023981,0
-0.02482995173628108,0.4227712616187432,0
-0.08078968508131548,0.4330221505445854,0
-0.07364998784776236,0.4966748381423224,0
-0.021686860009327596,0.5335544656751897,0
0.06418205841534895,0.6011478754354221,0
0.0391369282688315,0.49876631002031724,0
-0.054645763304649916,0.592176550579997,0
-0.0044641286616268205,0.49449288027794147,0
0.027400051322523614,0.6472585966339192,0
-0.03089736394980932,0.6484475558806925,0
-0.08846335084348889,0.5743000511310332,0
-0.13031959821589903,0.5371639199315641,0
-0.15029732825194414,0.636195493073631,0
-0.15696252052246862,0.5836370053471436,0
-0.1501282745721126,0.5204320258432684,0
-0.14944545677599402,0.5189724636675235,0
-0.14746697379539242,0.6029979708026703,0
-0.11415046598885639,0.5986866070503668,0
-0.2016881771379382,0.5401790703360172,0
-0.2032959166338392,0.5324140575718876,0
-0.14846629616714924,0.5030352725823101,0
-0.21183780640398242,0.4814069118170653,0
-0.14812555700464453,0.5196990641812591,0
-0.1674099061626181,0.43958820667087706,0
-0.15643845651574428,0.3715358203007537,0
-0.044300600005568305,0.4336066565946678,0
-0.21227495614353925,0.4826573312688962,0
-0.18993650875778084,0.48776844779021705,0
-0.14936968998735115,0.4717854225351846,0
-0.1683634519684511,0.4728372570841262,0
-0.11920721410674609,0.41914782684449625,0
-0.08196201864821406,0.412662351858725,0
-0.02002937946468264,0.41146878805260967,0
-0.035473331254486345,0.38912656899256287,0
0.009345820491838013,0.40009302785448003,0
-0.008040263900847049,0.5316711037601829,0
-0.009012075307537365,0.490359081213508,0
0.03283698544030772,0.40197907641043124,0
0.03109071450375467,0.4617609005726544,0
-0.02881834305842751,0.42979654117490645,0
-0.04300563282732845,0.5167771285517737,0
0.008163070633884849,0.5617911246805514,0
-0.03064381490213021,0.4788122087944594,0
0.08780042173150784,0.4503100397356741,0
0.09068965817848612,0.5213938546416028,0
0.060843464450334506,0.497555843120756,0
0.07825356022046734,0.5319078578919304,0
0.03269944177592708,0.5452876634594963,0
0.06602383728633027,0.5560717975064525,0
0.13304182740734452,0.6033354035497223,0
0.06392491487972195,0.43504848010510055,0
0.13795257703814676,0.5018750894289805,0
0.14866337901330856,0.5197959536224205,0
0.10161590413079302,0.583719213440034,0
0.13685529644475317,0.624358536360984,0
0.19979215202379114,0.5352588008603818,0
0.12083588985804242,0.5630720298011869,0
0.08082305043271579,0.5564520499303436,0
0.07481717623518958,0.6019554853219878,0
0.12477450922218569,0.5452685722957762,0
0.1713004352970096,0.5646482413506307,0
0.06948816397007952,0.6497034405272084,0
0.04996691667018148,0.6727125958266751,0
0.0017043467264869216,0.7674832516621376,0
0.05874935662894529,0.6397218227367162,0
0.03813436632148314,0.5997731167835085,0
-0.03900344000073754,0.6916951496481082,0
-0.006712009990211265,0.73104291724575,0
0.004589230254833855,0.7696332840570421,0
-0.0028272761115040726,0.5431607464531633,0
-0.06899743186108902,0.6929771506538234,0
-0.02399605093743519,0.6805138191008544,0
-0.058504104298425334,0.5965236468187666,0
-0.010505169526276358,0.5756772790264008,0
-0.05472628802171774,0.5368593362436129,0
-0.06716841611402641,0.5203631544637998,0
-0.10413811496044603,0.5120504939381824,0
-0.07309039160495118,0.5119046464487574,0
-0.09321726264851769,0.48997238814633987,0
-0.14095420081167384,0.5175572530259627,0
-0.004778409493163244,0.5241110277343128,0
0.09867910818268402,0.5567624148331137,0
-0.0007636417251064703,0.5646828439207514,0
0.04169491321499879,0.6500316881974898,0
-0.0004918608086028897,0.5899794439341399,0
-0.029665992509779335,0.606261115498284,0
-0.0760517456736965,0.579624882708978,0
-0.08557061042849133,0.5305548923883758,0
-0.08752843247614582,0.6916269255529415,0
-0.013264903264424588,0.6019726659303816,0
-0.013269852570972074,0.7151160389510454,0
-0.04147869098834332,0.6314613941935241,0
-0.037657901492938,0.6438300826360587,0
0.10241537567902509,0.6649666669217692,0
-0.0017976882318589266,0.5886953339257633,0
0.031764022014305476,0.49314721962170915,0
0.014811414735273483,0.5634998210246721,0
-0.0010077866754217638,0.6118568500836846,0
-0.01674765799740957,0.6841806127239389,0
0.021967599687938717,0.6219414924623738,0
-0.037015500215963844,0.6287351032677573,0
0.050562349520640114,0.5972348294176967,0
0.06598322278403099,0.6918306128888904,0
0.029105468432641238,0.686414125303651,0
-0.05105731709925902,0.6016413421409352,0
-0.002251554031512372,0.6107019291992496,0
-0.0366185773602848,0.6771643488543524,0
-0.013848470680673262,0.6949845111865911,0
0.018374419874025716,0.7498629504629997,0
-0.07470008393598197,0.6541534444279219,0
-0.08028809834623155,0.6252385385288187,0
-0.0070253698442458296,0.6655086968561751,0
0.036735767058593764,0.6713584182474142,0
-0.04471423722274339,0.6522183020187278,0
-0.16209795474846928,0.5736623155069815,0
-0.1568292969121579,0.6211356916915018,0
-0.07207000992937901,0.5831381824006692,0
-0.16402583111355717,0.6017539246855291,0
-0.06524152017432265,0.5187614970271512,0
-0.004853050308886088,0.6182648783455121,0
-0.09713668895500588,0.603737663477173,0
-0.09738506863594593,0.46703318041830133,0
-0.14131016334816118,0.5165491417452813,0
-0.08535159354498217,0.481379321600797,0
-0.1741191571583539,0.5720367471414372,0
-0.0947505617831448,0.6492366748708877,0
-0.08150368321099767,0.572239812159183,0
-0.16847490810950583,0.5560033604201994,0
-0.20079458681880252,0.5714761411587242,0
-0.16671288264806672,0.5520769266576381,0
-0.25137354486174535,0.5340477756086365,0
-0.21693044081638302,0.5490061358855073,0
-0.12096427627133538,0.5679870218501554,0
-0.1698447342140137,0.5384157403498807,0
-0.1654248840770272,0.6580383414848312,0
-0.20734372141419313,0.5819551011231868,0
-0.22649520350090485,0.5427018783779395,0
-0.2673730316873655,0.6371020228973563,0
-0.21090197966768842,0.7069551640575371,0
-0.20119558450120142,0.6740909426171894,0
-0.23656680021064846,0.6442025230717113,0
-0.2130067312802174,0.6338312979324311,0
-0.1510116335319648,0.6477509484232531,0
-0.13730151054995032,0.6726548969048382,0
-0.1574924196373792,0.6377652853833202,0
-0.09496058044754584,0.5953454693213412,0
-0.13771421056507552,0.6175334739836384,0
-0.17815155208736733,0.509541290497713,0
-0.10577105245915738,0.5147135529942073,0
-0.1004416830508427,0.5664341175235232,0
-0.20914436843635503,0.5650940687010079,0
-0.21667522562386224,0.6684809117828128,0
-0.16164175515774337,0.6103990789434193,0
-0.23966963276933173,0.6981171469038905,0
-0.2503584332289152,0.7355189267834249,0
-0.27595600228075456,0.7123954261354265,0
-0.32434104236799743,0.6551900433579191,0
-0.2871471413135771,0.6571344095042434,0
-0.2779606973843301,0.6172694965300793,0
-0.3054659136727477,0.5858009757860324,0
-0.3684461963239826,0.5582302546118526,0
-0.2440945283610009,0.6125054482869148,0
-0.3149875769093913,0.4878213316173458,0
-0.364240897347543,0.5736229409196089,0
-0.226275125635038,0.6861147209416069,0
-0.23592495685699272,0.6565283718726144,0
-0.27274323066213135,0.7150417670805566,0
-0.2777037850234573,0.627693890436112,0
-0.21840966885772822,0.5672285922707294,0
-0.3047430965536968,0.5673137181260053,0
-0.24456632265767841,0.6865626147146285,0
-0.2725033312527943,0.6622256040697254,0
-0.364675492372841,0.6547116120143841,0
-0.30561597048959677,0.6860738480028431,0
-0.24100771954077196,0.600933898383666,0
-0.2690993577628817,0.6893848745907403,0
-0.24891646227809505,0.6758913238862145,0
-0.4222396739358044,0.6786466209567386,0
-0.3630490474090682,0.673114712011921,0
-0.38528766701550765,0.7082247454693165,0
-0.29727378392054743,0.6333625315264619,0
-0.25446767837157686,0.684078632713426,0
-0.21024053122539027,0.5931743176830812,0
-0.3529415987592952,0.6299458602243205,0
-0.36294250222822855,0.646098654114533,0
-0.2934195102731477,0.6476152299871406,0
-0.2741716807983127,0.6047397406076939,0
-0.2381921278429886,0.48389093276999634,0
-0.22915794265265715,0.5948582763602108,0
-0.27199914247593343,0.5811181328898002,0
-0.26695979327284214,0.5198743604765759,0
-0.27321198421307896,0.5695177315496233,0
-0.25449996525017216,0.5536631624915994,0
-0.22104267723808313,0.5435178282278014,0
-0.2553168659874463,0.49930723005891564,0
-0.31606468882637795,0.5207507325664094,0
-0.27452582178465934,0.4940908884241183,0
-0.14575549027531756,0.5611078851575305,0
-0.282820771927131,0.5785318827004758,0
-0.17986531046966442,0.509403716811815,0
-0.18552273879435202,0.46234593729000195,0
-0.1398615579341499,0.46877488166428105,0
-0.15164935825364267,0.488160946829197,0
-0.1830105884744338,0.5162693098946024,0
-0.17764917334936006,0.46771109177046244,0
-0.12916798862639867,0.49359502918909204,0
-0.13429110038559988,0.43618305979994854,0
-0.17651746712637506,0.4373538202395848,0
-0.23775688816988536,0.3356703855436859,0
-0.1495190297361605,0.38711105640124865,0
-0.20509987651167966,0.3951908628328884,0
-0.122663165156516,0.38724961284422976,0
-0.1650008212346904,0.47976840939189114,0
-0.1822746219780976,0.4287339389528599,0
-0.13314682818363782,0.44561397651348633,0
-0.09177835283824927,0.40013848040683353,0
-0.1057192179513289,0.42062464032346486,0
0.018002927639209076,0.45752932490696185,0
0.02875309142160657,0.43674653482930886,0
0.021167495604043296,0.4284631748723514,0
0.07809351299542713,0.5397744904543249,0
0.09591916591822773,0.5886448894734013,0
-0.0038077697634281704,0.5557218162631941,0
-0.05111388159840173,0.5180840620095319,0
-0.003677773963509323,0.3847146715959212,0
-0.14383283902148072,0.45674494606745936,0
-0.12254394607051644,0.34713413986614333,0
-0.09066005752449385,0.4467415264651535,0
-0.049091283482197726,0.5426310405055577,0
-0.08213131530546093,0.5141109748425474,0
-0.01566493096890406,0.49559621447000757,0
-0.011712396030676503,0.4819435489565205,0
0.07733803800529247,0.6581056143655731,0
0.15487406203650145,0.524716133760065,0
0.021126231479312862,0.5328508719267784,0
-0.013248650335145752,0.628450111204476,0
0.08549511278990904,0.5859457529063986,0
0.04631700180806285,0.693394713542861,0
0.0500868989335285,0.6570923717020251,0
0.17752020629687226,0.5413641906206275,0
0.10601025900216066,0.5110799882714017,0
0.01635871731486438,0.5060868784990872,0
0.09331633875468529,0.4917196870778836,0
0.03329562660831695,0.47116861252740283,0
0.1151723602538105,0.5278146943485724,0
0.08853142897725552,0.5658898291089881,0
-0.03945490083238787,0.5023713570636275,0
-0.00047935624381931913,0.49026127413324305,0
-0.003610467891195515,0.4577763414241709,0
0.003802047820147725,0.5141762812679443,0
-0.03842861942767976,0.4862047517067251,0
-0.00989372431102348,0.48583277706954203,0
0.010788232844979373,0.5741890726643907,0
0.003398669664857721,0.6404751704097977,0
0.008693860976961312,0.5379551745125581,0
0.050729163612176845,0.5338826163342506,0
-0.05923858595519045,0.5171145947456373,0
-0.0858923787384551,0.5480663153738483,0
-0.14084345350534833,0.46385968598865496,0
-0.19805084672123835,0.4773141107635517,0
-0.13094748566683684,0.5049743165246229,0
-0.09472188101981682,0.47934309383470236,0
-0.07796639784497851,0.5049613652315109,0
-0.012657243982423738,0.5724558815325058,0
-0.055936260271544705,0.621642286911566,0
-0.060168404486322026,0.5556135706489396,0
-0.06510631515080982,0.6110851001748981,0
-0.004184690163501141,0.6264927517788549,0
-0.1452374046440569,0.5706292251711697,0
-0.11222656994986574,0.490582752120473,0
-0.07678029933406919,0.6015652885832918,0
-0.09198892031034203,0.5037330988875105,0
-0.08471905086854081,0.5844383962627655,0
-0.15345251463306442,0.5011045251968735,0
-0.10865988710304664,0.4309758047771844,0
-0.1464248697019736,0.4455710259886598,0
-0.13755138624780683,0.4465173628040396,0
-0.15449821466178232,0.577054648138961,0
-0.22194812465433522,0.6002667324184726,0
-0.15801712801556508,0.5735945724797573,0
-0.1625839675284438,0.5881505648850865,0
-0.1984785776829424,0.5500687315024758,0
-0.2341515106671701,0.6525261351190395,0
-0.1496659129939404,0.5821641126068854,0
-0.16895573568572111,0.5525755601693523,0
-0.16245477961755453,0.5314896939774951,0
-0.16609851547364624,0.473501425096162,0
-0.1726427981933233,0.44576820265264594,0
-0.09698270794198917,0.4404774508608055,0
0.001928066753149646,0.4853347684686275,0
-0.03177711728441967,0.5169775380294099,0
-0.09532462367134911,0.5347622081658707,0
-0.0702567688118559,0.5267488390014844,0
-0.2536988417183293,0.5216414790183445,0
-0.13873468676305,0.5178655502708642,0
-0.07672931372669896,0.5216931761783744,0
-0.12536638469054054,0.5626905443654932,0
-0.19288007369180715,0.6185611938980614,0
-0.16261360508950037,0.5776758427367419,0
-0.12026716651478084,0.427848398076884,0
-0.12697786939892988,0.45464203780576234,0
-0.05530658210901583,0.5005426527989826,0
-0.05702007361684994,0.42196780446950094,0
-0.08184998412810895,0.43452097666335954,0
-0.040871387874453886,0.5600337929190835,0
0.02108069213087277,0.527109569621402,0
-0.11945030717320049,0.5720374185344189,0
-0.08970811161872107,0.5638578769535983,0
-0.19482814311282576,0.6324747127415393,0
-0.14276502582646347,0.610316161523571,0
-0.18214534382352016,0.6655044694040128,0
-0.017923972149530787,0.5947254216804516,0
-0.11632267558084669,0.5464306008003811,0
-0.052277784087310555,0.5283548921657855,0
-0.07349970080750323,0.5333167646827693,0
-0.1061520054102855,0.6165402446215411,0
-0.03348485325156404,0.5461355501664342,0
-0.0982248085636053,0.5470511775459519,0
-0.0032602591540985965,0.5691739446330617,0
-0.020858987187649027,0.44027919349306366,0
0.012374342420116976,0.46211852305478174,0
-0.0702892648798565,0.42093580597372215,0
-0.07637139832023297,0.38811539429904734,0
-0.03560697420425176,0.4762598890206645,0
-0.027914710994245563,0.45832923481089644,0
-0.1141100656856065,0.4718880497551092,0
-0.16249036600982358,0.5979797361207019,0
-0.12668832747841827,0.5586443286894355,0
-0.20467214976932072,0.5794607737721429,0
-0.11887976750330347,0.5286532774745452,0
-0.14098240323888364,0.5057496993514499,0
-0.13914202137772755,0.6328097262688098,0
-0.08619796547593779,0.5719622003893996,0
-0.0919721723725056,0.5775000204107452,0
-0.17535683995646345,0.5078640185784947,0
-0.09611118698161202,0.5664475309157417,0
-0.09302562409920145,0.536317162540656,0
-0.05883246398577283,0.45166097776319003,0
-0.1437423578670209,0.4661748096247538,0
-0.16769999656971296,0.5413405590399386,0
-0.00822050152409129,0.49658419331663367,0
-0.10934519717574624,0.624370226509114,0
-0.08331989343960973,0.5665025888604075,0
-0.05903090903949944,0.5540517831838255,0
-0.01801727417058758,0.5530521530702317,0
-0.03294165005739588,0.6002491332747208,0
-0.09795213322186593,0.49388249365188613,0
-0.009573840494306943,0.44772518259146976,0
-0.11325825074238398,0.4473532390555929,0
-0.15439596876863815,0.48136241629493853,0
-0.1585154596299589,0.5772590996803613,0
-0.11254679852196184,0.5893827618604649,0
-0.09940993158542831,0.61103974761061,0
-0.1351740970241834,0.5202326955823486,0
-0.1022046168367931,0.5985975221358414,0
-0.031922882152165905,0.6451143631844111,0
-0.029325306909733898,0.6150976111963988,0
0.018077241687859406,0.641937623686047,0
-0.015679820690244765,0.6430103818223551,0
-0.020853606415956315,0.7013880827175595,0
-0.06949482110275043,0.7371957812221066,0
-0.015552549389361778,0.7437750983998082,0
0.020291382108073366,0.753056907456402,0
0.03710542026168541,0.7128055781548319,0
0.018077066670468087,0.7301812713411043,0
-0.1132441672703109,0.7066763425901461,0
-0.07238083872284566,0.7500354436009181,0
-0.07838514762496168,0.6830405328409251,0
-0.11071359385646054,0.6263700926960131,0
-0.03956309036610618,0.6257500307560921,0
-0.06314900078002667,0.6087711002175901,0
-0.05590344224613067,0.6513695950470522,0
0.03457808283153489,0.6204705660437113,0
0.13286446718251987,0.6757748655629968,0
0.13426359418968037,0.693119994707777,0
0.15815323999529443,0.5838049525363019,0
0.19264960674782663,0.5395988099638632,0
0.16304872169533202,0.6160118878891374,0
0.14893521031951315,0.6201353742274051,0
0.14968790106341046,0.6210357393574992,0
0.14142505897077065,0.6354238434620065,0
0.13313245004482982,0.6622234207687131,0
0.16689880994123368,0.5873708598449987,0
0.1269697652955267,0.5300785508530688,0
0.09571186081441183,0.6037128554659404,0
0.07677489822304809,0.603322467866795,0
0.12716474572965158,0.5724600394935516,0
0.11182326275990782,0.5661296860773788,0
0.0826372581916372,0.5014775953727304,0
0.09509116845959101,0.4895252881543239,0
0.0711322557964443,0.5053211319674029,0
0.01697175804125403,0.5041020744302785,0
0.01768518466191871,0.41619377745597774,0
0.14685247902016266,0.4824611647578026,0
0.11568738357360125,0.49855505482103324,0
0.06787943077166583,0.5037131445355895,0
0.09408419999310613,0.5719385603380807,0
0.0869189690186984,0.5527193653838758,0
0.03359203178029651,0.5932342378616857,0
-0.06543070201973664,0.6168662218656232,0
0.08452688160939256,0.6943048335172756,0
0.06856499173107314,0.5770001520271514,0
0.08116689342791888,0.7044392779262156,0
-0.012007209261618954,0.6271183101693044,0
0.05901447087249481,0.6849238632937183,0
0.05043809867128563,0.6756421226955699,0
0.09234546214522563,0.6224872336042485,0
0.055919303618880846,0.6206975749761763,0
-0.0009944295757124619,0.6225079197268136,0
-0.01910932041833417,0.6204918548545438,0
0.01103244417589926,0.5245862955811422,0
-0.05741697112457497,0.5287531861880964,0
-0.07919921021756564,0.5533844624827648,0
-0.07652192456826339,0.6596288331971877,0
-0.017951111358181497,0.6167235716574244,0
-0.07843831462499036,0.6278648515282196,0
-0.09107435019954142,0.5504300497465913,0
-0.10227841549744765,0.6198708134462055,0
-0.08081181167395365,0.4917933644282002,0
-0.06973471676715066,0.7006517339347762,0
-0.07283959353200331,0.6724483500635801,0
-0.08248940869770274,0.7703327279163821,0
-0.2209991947085976,0.7800327040772349,0
-0.20548980579444256,0.6955415442309458,0
-0.2434712219704096,0.6465079700392641,0
-0.2725071738999702,0.6371675365042322,0
-0.23727515527532406,0.6398091919152351,0
-0.3018725610639557,0.5049074876761438,0
-0.2990360598636152,0.5852372325397396,0
-0.20687788220514636,0.6051800847833597,0
-0.23021493201471077,0.5257899538264474,0
-0.22899319635346183,0.573280374751005,0
-0.19388154638453164,0.5763344770416368,0
-0.2249317126477764,0.5781502092059444,0
-0.28418032933454024,0.5316647866129006,0
-0.2937548031499975,0.5778385925817107,0
-0.22202568425613853,0.6851055561118969,0
-0.1604265220497398,0.5786523503518973,0
-0.2460484629089576,0.5783083528080378,0
-0.23301704464396814,0.5983878825067358,0
-0.15875715271107937,0.558255035212517,0
-0.16353394090032736,0.5965055450509764,0
-0.2797621253012239,0.537367082615358,0
-0.37733997638014755,0.49778580820186047,0
-0.28756311371255305,0.5460574259926576,0
-0.29972094146293365,0.5186642643539413,0
-0.24563154310201762,0.5177712279840672,0
-0.26494423919611676,0.4627721862924582,0
-0.37727538871738436,0.3754819792444766,0
-0.34168108292516225,0.44781625046142765,0
-0.2926498479499344,0.32997046203639957,0
-0.30063667236975394,0.4077679209688584,0
-0.33433979199749086,0.40858372556096967,0
-0.39343997901128386,0.4529547542371278,0
-0.3307303041622992,0.47270861764349026,0
-0.41309898372944276,0.4219140128627153,0
-0.29820420986291296,0.4809283288681287,0
-0.35145382266765207,0.4625262415527337,0
-0.18627985355205798,0.47229203244616835,0
-0.13033628961411414,0.3761777093454617,0
-0.18020296983142337,0.41071672806832943,0
-0.21715425881932668,0.45119887325973346,0
-0.1910220625294206,0.4781497277751748,0
-0.24506807721086152,0.4894071989003098,0
-0.24524530972584405,0.5034234118860732,0
-0.1740253444750688,0.50757789978485,0
-0.19417681286887672,0.5581125409963501,0
-0.21840833305090523,0.5000406171199332,0
-0.20339711911224978,0.5835656270562692,0
-0.2636556692668774,0.5445260334849669,0
-0.3243627046847106,0.47979736356511815,0
-0.2812604893305087,0.4533269239969498,0
-0.3816977885073042,0.45334549833255366,0
-0.23917265509171404,0.36225957648631457,0
-0.18623069081559687,0.3813606552487831,0
-0.2533738777829456,0.4542826587449866,0
-0.30079828162343514,0.524184718405335,0
-0.2783679173498867,0.6136822934938326,0
-0.32310269591470486,0.5922901754401525,0
-0.2872035404737349,0.5808501305187607,0
-0.18531301416147702,0.5288053038852313,0
-0.2137607970988969,0.5232952522515976,0
-0.24400350474091376,0.5663858793680274,0
-0.2498492851997614,0.4940314331622499,0
-0.24478845455328738,0.5410923099039203,0
-0.2577826388148175,0.47190399863682453,0
-0.28343038558677286,0.46124315379622866,0
-0.16592781363471876,0.386223111020538,0
-0.2583047929149017,0.46000984461757155,0
-0.22790431473568762,0.35402163989409363,0
-0.2297243404232008,0.44260734472065993,0
-0.2825475044541151,0.485021485995731,0
-0.2704104825721544,0.595595177021494,0
-0.28923793733117237,0.5897439089405588,0
-0.3090647156560689,0.6125225722508357,0
-0.30605631002114847,0.6259593577699338,0
-0.3119326409657294,0.5638492286468195,0
-0.2954210172307432,0.5997786890008011,0
-0.29681843491412135,0.5760247004160151,0
-0.32413547300483253,0.4144842983633823,0
-0.33095330754969726,0.4990367767372447,0
-0.26250984123801785,0.47254351164739405,0
-0.40490369154755335,0.4776853630678735,0
-0.3990891814165597,0.5498448436758397,0
-0.33898219338286584,0.4831722112123442,0
-0.4003000682491582,0.4711945721557382,0
-0.3514328320279808,0.5665313016488978,0
-0.2951422145388739,0.49680945257124315,0
-0.2819708605677904,0.505916789402954,0
-0.2988679465165119,0.4483999067069403,0
-0.25869165935773863,0.38026920574354384,0
-0.228465560494594,0.42155249992478494,0
-0.23426785151874194,0.5027276886871661,0
-0.26032584877547243,0.5031013383369288,0
-0.28223099688047776,0.4946151172275477,0
-0.314425809093156,0.374111159905141,0
-0.3453229656733087,0.34204889991085646,0
-0.45865824460133614,0.36201830863253465,0
-0.4114543210941728,0.41656861616862767,0
-0.4038160076493084,0.3911016325706335,0
-0.40293538316218785,0.3565018879892877,0
-0.40708209803097317,0.4329877179429019,0
-0.37072859665801094,0.4933279070630336,0
-0.2484182301355779,0.4205280964542433,0
-0.3251079319144754,0.4465570132770816,0
-0.3442099425469587,0.5125957835089721,0
-0.3004497633968212,0.3906120205287847,0
-0.344743147725707,0.33030538102211626,0
-0.43116692076441643,0.37222434019741807,0
-0.3352682807417838,0.39364518798208264,0
-0.33132017809674574,0.4247583707988886,0
-0.3533065300135267,0.41821828271206196,0
-0.39503545392597705,0.34737376847272017,0
-0.38356211609740787,0.37474641764967864,0
-0.31991684033355666,0.4888936734488414,0
-0.30529533565014066,0.4443566845621023,0
-0.27955603587636624,0.5094857200931691,0
-0.325378960877541,0.4130367069582265,0
-0.29979099882708027,0.4360888590722085,0
-0.40402015716331996,0.5008747818807703,0
-0.4689505474092366,0.4727696401413762,0
-0.4197336919703891,0.4408169353425683,0
-0.4734694373643783,0.46971141835428476,0
-0.47886712979154,0.48726278254375577,0
-0.3571986208843638,0.537635744511472,0
-0.4396474406791028,0.5400847759158275,0
-0.3257524997049208,0.4250351508665485,0
-0.4204112277206459,0.4230459742152554,0
-0.3685875074587689,0.4778255482421616,0
-0.28325369370967196,0.4000846866223736,0
-0.39344119560869945,0.40365583765312285,0
-0.39567404934002676,0.4934811643447343,0
-0.3620439857620411,0.5438878750547299,0
-0.3917142250490427,0.6523831461456937,0
-0.3357543601594122,0.549549989020002,0
-0.3089252731339666,0.4590469096433891,0
-0.3854986896798639,0.5083569206472326,0
-0.3742644796743627,0.5077428972542604,0
-0.3893718867091953,0.5397602367864796,0
-0.31915727543074734,0.4445061603102446,0
-0.24371879503828436,0.5637957746730501,0
-0.21990114877011996,0.47442658464789256,0
-0.3524191232911954,0.5520750339811399,0
-0.3885895232072021,0.5714060473349548,0
-0.26506937537196595,0.5976349589119551,0
-0.2990600188814648,0.5625931176467555,0
-0.28319560109533454,0.4772375367987531,0
-0.2818221434786924,0.5351520128419871,0
-0.2816101235131441,0.5387713845414874,0
-0.25497285587505647,0.49068465505566466,0
-0.22406213417003204,0.45226841311523064,0
-0.2727816598209172,0.45514723702567017,0
-0.28636081868998225,0.46850744834313957,0
-0.22405760534066846,0.44732304613411134,0
-0.2785688432459742,0.4065865419151931,0
-0.22807486388001857,0.44283890162925443,0
-0.21143763352917,0.42702782873290335,0
-0.264356293282363,0.5070858657312246,0
-0.3028628411301229,0.5648248153757162,0
-0.29988377872502614,0.5678091268834249,0
-0.24377931715711165,0.6116578281536965,0
-0.23584749876741687,0.644162752332432,0
-0.22742209790842044,0.651682335168595,0
-0.10666551785144135,0.6713462543816296,0
-0.227533244473395,0.6256682287391043,0
-0.24173663063696163,0.5657597311921222,0
-0.13323544794176986,0.559871762977372,0
-0.06129882570232775,0.4642556316301691,0
-0.13269169001716902,0.509063559770172,0
-0.09657845084994363,0.45063694070672117,0
-0.11799231750303323,0.4507509674034172,0
-0.04732936376759728,0.5090191615980586,0
-0.07761198499331388,0.5416289459719522,0
-0.06865855734054441,0.4812188288726886,0
-0.03931534309460229,0.4225385323425801,0
-0.054207113034593246,0.44638865504495523,0
-0.03128703816713331,0.4066559585632651,0
-0.07045721308658526,0.4089768680720389,0
0.01671012953557592,0.4756875282066515,0
0.055399813714694296,0.41518999247009386,0
-0.08860392874805076,0.4355184685258012,0
-0.08691451074844318,0.37854343699379356,0
-0.0872208071136251,0.5246204261827946,0
-0.09279543254318946,0.47722120690822356,0
-0.026829031291267888,0.4545430456142001,0
-0.06455151657485543,0.48013698073953254,0
-0.024775949062137398,0.33908505724067084,0
-0.10723955865604567,0.43095217420944365,0
-0.11857616190242558,0.4313489720556127,0
-0.14957216848131916,0.33935501865910284,0
-0.0749736247392494,0.44395042696621606,0
-0.03633595133853811,0.49607773397294735,0
-0.11148690756291729,0.5453376390524044,0
-0.1611969380208207,0.513776781221476,0
-0.07008194516246513,0.51471218750016,0
-0.02933206511549362,0.36360175604192346,0
0.04208236298799145,0.47748890148466927,0
-0.06673299205460091,0.44241791886833776,0
-0.02602842952599134,0.432976209009276,0
0.0589008796896113,0.4499590762579111,0
0.05195624396337392,0.45720028495056314,0
0.051937656184163586,0.5214288412617448,0
0.013079925543114407,0.5152845741885711,0
0.021331878052647038,0.5302998008339465,0
-0.05296293617561511,0.44412212040849847,0
-0.017282758488725222,0.495694757816143,0
0.011653588078787875,0.579137555681859,0
0.04463767629627964,0.5367477177896443,0
0.03615633589151077,0.5579547423597065,0
0.04937145782062743,0.5311138777060297,0
0.04396534735616728,0.46262702320592364,0
0.10160251123883529,0.4628568689062108,0
0.10881425716819249,0.46586177738534296,0
0.0754279852996641,0.48557452863834183,0
0.040311371260590985,0.47767464492121126,0
0.05759814440835291,0.5341188561330792,0
0.03865267541403943,0.5372909732041934,0
-0.08330397741845694,0.5257433155080203,0
-0.09417405594745169,0.5740919471829795,0
-0.04619033937878911,0.5428912588887203,0
-0.05753974186713656,0.546925451801631,0
-0.05859784556896595,0.5293153568243119,0
0.005775330966429057,0.5322785369832673,0
0.013922854296639565,0.3879905507484612,0
0.1142926909988177,0.4631785985285639,0
-2.7895603028252336e-05,0.4627460125452489,0
-0.023750419639644468,0.553103257812895,0
-0.0644677612910581,0.5240838408839151,0
-0.03766579950538196,0.502476697555207,0
-0.02329875529133176,0.5879025210545333,0
-0.06107327623085596,0.45088020094550973,0
-0.02393625541147943,0.5013771133942961,0
0.008432144187295952,0.5026334415375107,0
0.01434085110193311,0.5921209500111446,0
-0.017296601967740813,0.6237626158873723,0
-0.08523932787825282,0.5724256782372636,0
-0.05634471348199742,0.5258580654121205,0
0.05861364750467539,0.5857860105905445,0
0.040850978039698504,0.5784803259858706,0
0.02576968165664847,0.5342401414420009,0
0.09692627177788336,0.6174945361960967,0
0.12246286789234226,0.6173317570079889,0
0.04502738288407747,0.5828659323752483,0
0.0024612162390943645,0.5057141178864215,0
-0.06285780937989877,0.46652872864182826,0
0.09508620091763961,0.5238662961787016,0
0.07798624143051289,0.5375158928069356,0
0.08254623342529385,0.5498053401025017,0
-0.08229963793126308,0.5525119253783383,0
0.030239533114371706,0.547165201789996,0
-0.016022154915946052,0.5216842866290642,0
-0.05010335390526438,0.5283477416345348,0
-0.052241006633564825,0.5428532687869774,0
0.09984773673943562,0.574755604097216,0
0.06283409008710594,0.4440916618167723,0
0.06032781114380333,0.45814278510883893,0
0.018864090207604073,0.5046617237039877,0
0.08394263713443105,0.4270431281555773,0
0.12366319865537057,0.47352967308442234,0
0.060595354077549124,0.49099031281560296,0
-0.007799722456323002,0.46266775932777643,0
0.07311905190131027,0.45322746490824783,0
-0.02307682118648509,0.3283981903495538,0
0.004584954837553282,0.2877005566174239,0
0.030622570069743654,0.3106571257995136,0
0.05343510142116738,0.38212148825432496,0
-0.012110321921605868,0.4192895785296283,0
0.04050884025572451,0.3803418137809277,0
-0.055093490895843054,0.44416614243899066,0
-0.08174636046123761,0.4722128321801574,0
-0.08804794313359526,0.44965271613246277,0
-0.018366596773488494,0.5478880453687426,0
-0.08701424649350228,0.5606184772041576,0
-0.035893830046602966,0.4571444738621365,0
-0.0713997042523919,0.5224601836524869,0
-0.04248284053434416,0.5039834046078822,0
0.021115805123402165,0.5314314199468347,0
-0.04885950116399963,0.49907712623165296,0
-0.1100024436179908,0.4882894764319657,0
-0.14754705198682974,0.42163433178199144,0
-0.18386563572740294,0.45658470593152267,0
-0.24879028540471604,0.4883203483064905,0
-0.2417820807624729,0.5974391350553194,0
-0.24513259202136115,0.5366275567894038,0
-0.1781761736671477,0.5629807073054026,0
-0.24470830293263118,0.5418004447282362,0
-0.2023255007126659,0.5510903022138237,0
-0.17439740509183824,0.5249094210611162,0
-0.1678317461578301,0.5390891020797436,0
-0.14373351370190485,0.4798448104764813,0
-0.13534044641952664,0.5206074439998146,0
-0.13578369869225693,0.5648591507066528,0
-0.213151721094136,0.4361081094373398,0
-0.14223253436757083,0.42739893749779234,0
-0.15989147250296953,0.5242808546394094,0
-0.2411933015358494,0.4848393918313927,0
-0.16587325746039025,0.3941638285963702,0
-0.3100180143268443,0.4728145618275924,0
-0.23723470348172074,0.5266858638253057,0
-0.1726968787567777,0.39713123153965035,0
-0.04643332577252296,0.31934717882423225,0
-0.07848592131547408,0.36594435198112835,0
-0.15834164071409038,0.32692176323311095,0
-0.20886535103651171,0.2963530064223442,0
-0.13270272223721508,0.38211239317626955,0
-0.11670095552238763,0.3558899938355368,0
-0.14397126732261584,0.3690074205971027,0
-0.16380052721834965,0.4105240915785944,0
-0.10448277637356318,0.38921208320853395,0
-0.18283338607417352,0.3379068952776952,0
-0.09237895648113525,0.33433291867035353,0
-0.10903250386436705,0.37461381486250844,0
-0.08182972167005896,0.3576433683971094,0
-0.16920417233936397,0.3368117680975709,0
-0.11072409713709751,0.35952007400872893,0
-0.07219360707304559,0.3622453368305257,0
-0.09185615650635934,0.3984416104272597,0
-0.0363476282640409,0.33402198247488224,0
-0.09047130780632719,0.2951376701102013,0
-0.09971837351659696,0.2440845707420749,0
-0.12298177963243097,0.2854082987889697,0
-0.10922704884749843,0.361372630331923,0
-0.16665011766170762,0.297548638364848,0
-0.1873552153463207,0.2426162180482504,0
-0.189055044460613,0.3287625816071711,0
-0.26444318945704137,0.2464852295490892,0
-0.17750193908280182,0.27478217788662035,0
-0.14783770327966936,0.33547315237331826,0
-0.26857962840391714,0.2359908429869389,0
-0.35220405548996475,0.23233939484570398,0
-0.2975256401135259,0.2225867497610373,0
-0.277837890418268,0.2833901018060073,0
-0.2490320317490583,0.24864300958475904,0
-0.17633591912425256,0.24420118503613902,0
-0.16527450515568962,0.306782122634658,0
-0.25061181009653677,0.40712397637512926,0
-0.25160227673776014,0.2691182230251735,0
-0.20700994558683522,0.3167053411812971,0
-0.08549225172037371,0.32546203138178187,0
-0.06253134378099626,0.2964326256217101,0
-0.012198638697655396,0.21973626040141475,0
-0.06310196898722945,0.22340645067164983,0
0.011067409367106928,0.24445773227270146,0
0.03122022630383258,0.25102418849616825,0
0.037264367172877816,0.22225295667890835,0
-0.0027251345050091982,0.30806468800358067,0
-0.017838918862754294,0.27976838869442444,0
0.04107623927488103,0.268081810272621,0
-0.03548344956720153,0.29552065248009063,0
-0.08092230642732925,0.2315533953326771,0
-0.1142470350967974,0.22366458079219304,0
-0.07098824836476111,0.23730835864221161,0
-0.1148855122244983,0.2060949228614057,0
-0.03881804401259796,0.32265502380168964,0
-0.12117885755684633,0.31940925971784734,0
-0.16872170470810935,0.3200915073197609,0
-0.2079590628754205,0.24013224633702082,0
-0.2384679547870168,0.20439866230507334,0
-0.2390041103361281,0.1385198014944428,0
-0.29363891757802874,0.19629147147418735,0
-0.27427245246510834,0.2460076427496501,0
-0.2971901797347122,0.20946952209745723,0
-0.250408959195306,0.16060135436521444,0
-0.28649719253541783,0.14887732472932336,0
-0.2137438909016135,0.174046978445244,0
-0.2211009729621356,0.17952558925646064,0
-0.11580753815945907,0.13248778617243032,0
-0.22060915819688764,0.2353629892393997,0
-0.21541359885339462,0.30403033687916264,0
-0.2769968903465978,0.2874071609128272,0
-0.27929058886305064,0.3266173158192501,0
-0.29301902623406517,0.26557784992414957,0
-0.3365286548031299,0.25529885438780936,0
-0.2950373754385291,0.2648120305046088,0
-0.28797488207903543,0.15069271183945004,0
-0.3198229979161393,0.22313162831273525,0
-0.2861101829278304,0.23617514878594464,0
-0.2696821398491297,0.18727675861207377,0
-0.21961127695185068,0.19483706402582815,0
-0.22151228016160793,0.1902625174427598,0
-0.28933947460525355,0.22725088466007504,0
-0.46517771375061,0.18658648485583318,0
-0.4098501494644855,0.24100223538258655,0
-0.4577963691654858,0.17907005381027874,0
-0.405547485191415,0.20937064351249843,0
-0.3995588342447629,0.25566297120417675,0
-0.3699203340757932,0.23616918912984905,0
-0.3077612166684953,0.29079793687808064,0
-0.3654775244331626,0.3385401540132543,0
-0.29881517011230263,0.30159865837554045,0
-0.4068131401809503,0.2905934831619176,0
-0.3904238166632715,0.27645339045444556,0
-0.3393312296386072,0.2935401994164946,0
-0.3365271154438808,0.22430330891326933,0
-0.34379681079570296,0.2903467352979773,0
-0.34526680972849516,0.20494455865992178,0
-0.33333248805081195,0.2419753940222199,0
-0.3012312322545605,0.26509338941789906,0
-0.3685699452908588,0.21287059451850393,0
-0.35136328457962074,0.25743825138656706,0
-0.32520656895346023,0.26735942371218013,0
-0.29344351540695185,0.26998390110366144,0
-0.1954213955273157,0.25061410593445177,0
-0.37272192563864504,0.2890973527318175,0
-0.35155465324509616,0.24458046481179144,0
-0.3594730547478976,0.18307879142499162,0
-0.3679445272136201,0.2873817646758895,0
-0.35980553241691204,0.30129929017727763,0
-0.3205240441427714,0.30388988562086805,0
-0.2937362857625947,0.3530964366353343,0
-0.34584340834921906,0.4059245618956689,0
-0.36230629918057955,0.43640546617313614,0
-0.36409922449229176,0.3478308470630501,0
-0.2884846451645451,0.329080329667217,0
-0.2860487496264915,0.3121650045694923,0
-0.3087195558851644,0.33704129458918747,0
-0.24136237147035286,0.33014391900938633,0
-0.3494275399292186,0.32363631199042975,0
-0.24338807561152778,0.330533748980677,0
-0.2799963598009765,0.36659791787840396,0
-0.3205563749060363,0.29073144348084845,0
-0.29461029281217427,0.3633454220424708,0
-0.26722246636956887,0.3474665981557781,0
-0.3313792080422261,0.38467651381648577,0
-0.34672270575073416,0.31744547236835297,0
-0.3461464241605894,0.42239391662378256,0
-0.3100636323167609,0.33453128305386814,0
-0.2381387316609161,0.34659898988127014,0
-0.37237692389880384,0.2836932229042146,0
-0.3609151457458534,0.33381056172071544,0
-0.466688554686601,0.3776412877708243,0
-0.3177173986862679,0.24027690416567551,0
-0.36675908676226177,0.30310850380180765,0
-0.330030187110102,0.3069705451360056,0
-0.3576390671850652,0.3263130791540255,0
-0.3059952525766446,0.31083010265446953,0
-0.3156715102862606,0.28246764163869115,0
-0.3009448185000051,0.19986943960571169,0
-0.3488544186315921,0.2617518955289647,0
-0.3183776986207813,0.2902645666715082,0
-0.3238632888577333,0.28470165298462613,0
-0.28789773366734406,0.20035065602188992,0
-0.30012212913760905,0.22544852174655486,0
-0.29839111797656515,0.2177757513745515,0
-0.4005328859171551,0.2510843191856531,0
-0.34220299504630625,0.33934617567576086,0
-0.23135009512949448,0.30781536179702856,0
-0.2286624938862492,0.3100656674629073,0
-0.2491576816227035,0.337364390713015,0
-0.34309735353700316,0.37665210210546374,0
-0.30850328518564357,0.3568374780323145,0
-0.3030269166345603,0.3906272959875976,0
-0.2357274569428236,0.4140929300419329,0
-0.2644908293844629,0.42052048249790347,0
-0.24635372353254792,0.33595284070715886,0
-0.15677477808898455,0.4269819682886192,0
-0.17715130332476658,0.34003829284934795,0
-0.18071431043589237,0.22792117345160767,0
-0.27550594338849754,0.4273804752725531,0
-0.2574349695287265,0.3999417020562773,0
-0.17124335720337466,0.26755743200525356,0
-0.12073863873982732,0.36294795429870436,0
-0.24161506455581322,0.32595909983242904,0
-0.13118298206094736,0.1881665801616391,0
-0.21743697467113804,0.23525843518445433,0
-0.2025707299066183,0.261880901729238,0
-0.22956291813421245,0.2713344621943055,0
-0.11538224176584368,0.18194052219787105,0
-0.07232797464761402,0.1946749076148106,0
-0.025427617613868574,0.24890935729876557,0
-0.16792280573224827,0.2592409350655956,0
-0.05398938917550261,0.24342687862464407,0
-0.19323333174443205,0.30683802700184803,0
-0.14781583934551143,0.3328929183541182,0
-0.1799055184344377,0.2474165223286317,0
-0.12075752609557786,0.09791190995814619,0
-0.09110972667432435,0.15812869397217544,0
-0.15073250243099964,0.1369700422544644,0
-0.15526928034763599,0.17947834360645737,0
-0.15993635058309869,0.2277070499148808,0
-0.1545443320703093,0.1329071843602862,0
-0.25529613983021626,0.34245151026623594,0
-0.32116644635279207,0.3349854491181569,0
-0.2249685447087706,0.43734362397726745,0
-0.3206304222570189,0.4239245776577861,0
-0.24780149289597947,0.39358094564690477,0
-0.18300676591309298,0.3820185490039122,0
-0.3686798150142209,0.37022453022862795,0
-0.3083841170542585,0.2712891943683908,0
-0.3184841910224051,0.26794969609653646,0
-0.4475312049253499,0.3285435242903546,0
-0.47174689253372054,0.26218067090741637,0
-0.49493527403190135,0.29084218822617075,0
-0.5585720228943165,0.3105733696231376,0
-0.4863890034408809,0.30893639710257365,0
-0.5995028656827261,0.2560628002019485,0
-0.5364292184680572,0.2742464648181017,0
-0.4843656850797775,0.30515216844542997,0
-0.3851252242050807,0.1949081377183306,0
-0.35902294528567835,0.21953468032865156,0
-0.31104386050794114,0.20525168138676536,0
-0.397232473918106,0.27468816230233273,0
-0.3707166284926757,0.3673768448957285,0
-0.3121822244826926,0.2683175170563436,0
-0.36009871483661793,0.2600824128870463,0
-0.35883118447511136,0.30340709099047347,0
-0.350002720346396,0.2998966672341594,0
-0.4400813329621255,0.4018215710323979,0
-0.3200681571449403,0.4007587787732119,0
-0.2659900874254807,0.4157179034960343,0
-0.28327004576452497,0.3056885570717822,0
-0.2525214224535961,0.25830114149711686,0
-0.3771010833169323,0.28385826642147494,0
-0.38146316384176726,0.3440858986061008,0
-0.4288481454546347,0.22662070083018082,0
-0.33949005445551406,0.31681843687003175,0
-0.2991115997024623,0.28964143655422253,0
-0.34327465526801615,0.29159793494553815,0
-0.31357148092152987,0.3856405618701001,0
-0.3683143420684642,0.36503568716424406,0
-0.2789700178447312,0.37901670067394205,0
-0.2480025458401796,0.3091967445473323,0
-0.21892501311491203,0.2625492455599521,0
-0.2511988076796231,0.3486515863866937,0
-0.23815658899050599,0.37378044627909884,0
-0.3969750813335792,0.4092171410163519,0
-0.344945690766843,0.3357844699872775,0
-0.36218739162981045,0.28144592102805965,0
-0.35972871644621185,0.29357373979450263,0
-0.2670579222720598,0.3122853654478348,0
-0.3451975617109135,0.33661968072370635,0
-0.3917808602218261,0.3327398508303785,0
-0.39941048043611077,0.40780623617758527,0
-0.4236567226081149,0.37827661074159,0
-0.41029214576147816,0.38098524217896235,0
-0.37950309811945937,0.47826520102709547,0
-0.45849649959799443,0.4926753593580451,0
-0.40569159551075223,0.36913646689776236,0
-0.40496607066578594,0.4457818583290535,0
-0.3174382319624184,0.4126439674072213,0
-0.34003554294434807,0.4714976000360026,0
-0.36469156994823054,0.42913727012899494,0
-0.3282757334948165,0.36197357062455965,0
-0.24135275660297972,0.3658027378978115,0
-0.27017442980736583,0.5280481957216198,0
-0.35547321388690767,0.5057019677981955,0
-0.3258291841292688,0.44927887458178506,0
-0.24864056422222344,0.44774702949361045,0
-0.20349929357022864,0.5546485848552524,0
-0.2712430893331471,0.5531613476536437,0
-0.24298602464057167,0.6055295896865766,0
-0.3375560256280066,0.5982379650094177,0
-0.36765402462229946,0.6158562794702441,0
-0.3244694187286372,0.6502739517068683,0
-0.37043392992069163,0.5825250577472297,0
-0.3211167045954549,0.5818608189280271,0
-0.3784308958202831,0.6221168839051117,0
-0.35998284957748533,0.5222980371280576,0
-0.28977121856345733,0.5338068559609329,0
-0.32734307047444194,0.5653528428322897,0
-0.2871153313403708,0.46205997222465917,0
-0.32633843460706835,0.5232698961029368,0
-0.2957907555819258,0.4979415356772867,0
-0.24574679249795575,0.34031668593624975,0
-0.20062479368209551,0.32860497882305345,0
-0.175823750370626,0.4287174148467363,0
-0.2601371599335042,0.3025750858060995,0
-0.19825792924715369,0.3001085983327899,0
-0.15576201765530912,0.21417695092390915,0
-0.13095270735050552,0.28608644635167146,0
-0.21301656589048712,0.23965133879461378,0
-0.1819169984680809,0.289368987521159,0
-0.2129577646615512,0.23949589644897284,0
-0.2959441479427246,0.29695334358074993,0
-0.24129158307683377,0.24666547535185623,0
-0.403238868738308,0.19126255515760113,0
-0.34862850463260225,0.15613882299936738,0
-0.42637953851246185,0.11645859335891615,0
-0.3203484702995222,0.11426490256587572,0
-0.25593269660944873,0.3247391265720847,0
-0.2685213727317675,0.35576706114233086,0
-0.37146624777504605,0.25821689734702263,0
-0.4274427802638134,0.2702618534846443,0
-0.4240728872827084,0.24841450053818526,0
-0.33921592739032763,0.27123791152315135,0
-0.33407237545227664,0.2984745745576709,0
-0.37082398113306725,0.2012775306083099,0
-0.4477836650771587,0.30615486337220466,0
-0.4402894288493887,0.31248283365639445,0
-0.34718215611074255,0.3514871819171322,0
-0.3831040073672508,0.34716730191481565,0
-0.3972438420744788,0.444983134485988,0
-0.282668943515933,0.4390795491785411,0
-0.3595034312360015,0.4281186831862339,0
-0.29234041845216785,0.40719237226750254,0
-0.30429312354364246,0.34904580063300306,0
-0.27971957505698064,0.33087661537965607,0
-0.21273194226676506,0.3344827143396896,0
-0.2719144529633062,0.39288349372370124,0
-0.22656953836095317,0.3139144357325281,0
-0.235272272876838,0.42613266047585013,0
-0.26351526515233054,0.3769716016138273,0
-0.2580469689436222,0.38108544343774226,0
-0.2370291371490086,0.35912652282204555,0
-0.2666608828366347,0.31288886449761855,0
-0.24867116438973594,0.3465304605957646,0
-0.2827438107455505,0.3701759809738718,0
-0.2802925446533068,0.33440021157430877,0
-0.29873041444536697,0.34059353154001737,0
-0.22554778026731406,0.26489480842306956,0
-0.31385577706506346,0.3144395673774159,0
-0.29089430512391967,0.28139513503031977,0
-0.3589893851911599,0.30566426325147567,0
-0.400951138596115,0.3673117296170342,0
-0.2867606401524512,0.3491146160699307,0
-0.3944752039981423,0.39873688884435454,0
-0.4109250541119681,0.4821680790032814,0
-0.26253884104411007,0.46498457608656923,0
-0.29681764658601406,0.4653997906164142,0
-0.1783507122056854,0.5567207899365302,0
-0.1916822298920479,0.4534500924219035,0
-0.2223009975370748,0.5100848936614972,0
-0.21033138807320192,0.4224120224373435,0
-0.20731301492232912,0.41943394881687357,0
-0.1829229074493558,0.46689161056103856,0
-0.14089763243890008,0.44409202937934145,0
-0.15350751708939603,0.4504729916696291,0
-0.2364418760033632,0.5205576540757694,0
-0.2946772472652267,0.4889019527184145,0
-0.26329657914337645,0.496887024528082,0
-0.2819431150199009,0.5040452274632501,0
-0.32698281661592493,0.4707063679766632,0
-0.31163576820511707,0.4255406242639929,0
-0.3414303521591211,0.4841018012760409,0
-0.27250356638577594,0.5121438033515097,0
-0.3920031857650627,0.502672361612162,0
-0.38953423646336965,0.46576982635541614,0
-0.330212524029045,0.5316665114478503,0
-0.4060174870924976,0.5618575486974612,0
-0.3810765925287265,0.5335181992312203,0
-0.3988703161597491,0.5509918901114134,0
-0.37647152639151404,0.4635082955599246,0
-0.3482530651702997,0.49141283544687925,0
-0.21049840222022578,0.48790865785676263,0
-0.20907407433997588,0.5518132663050073,0
-0.19996426375877419,0.547583289968552,0
-0.1982068293924841,0.5201461364308169,0
-0.10511445868489733,0.4858506631905844,0
-0.1109930393002831,0.5123783574967851,0
-0.104641044427244,0.5057355574325944,0
-0.10347908155140566,0.49740266138070666,0
-0.09182689462760193,0.45870424529716514,0
-0.13612941592369882,0.5083052857879851,0
-0.0735652365235593,0.5331795175248739,0
-0.07068884387575247,0.5052094280030907,0
-0.0602174477210973,0.4781930995180061,0
-0.12196107000254203,0.4301512835390258,0
-0.02539917076861252,0.4256700836376503,0
0.0131837711531846,0.43488805013208987,0
-0.03493567412909198,0.4434839465359598,0
-0.04141670762030124,0.40458072562396075,0
-0.018941729586231134,0.4693033572319164,0
-0.0739666298566483,0.4766151439498179,0
-0.06513776855064388,0.49336613474668756,0
-0.07923564406736773,0.5194658049637297,0
-0.018693515163084692,0.5673661239461166,0
-0.0004265379746784953,0.5106309640156286,0
-0.0628830546870896,0.5455133016518747,0
-0.1364455913909835,0.5792368673631952,0
-0.10444345572210599,0.5889232567940675,0
-0.21867005272301282,0.4220137741281955,0
-0.24292245475244692,0.47468087404129394,0
-0.13513147078013682,0.41994603468929426,0
-0.08825961386312267,0.3444126567154766,0
-0.20517944895459267,0.4090556800351819,0
-0.25114430745040683,0.5027127185360661,0
-0.2508351500896141,0.5653341055596324,0
-0.2086213489935292,0.5752619115048271,0
-0.25937700658328383,0.4711041751432037,0
-0.1776657766764866,0.4964426106022518,0
-0.1557015382634355,0.5312379963980188,0
-0.13912108530534037,0.5009913367862621,0
-0.10992638074338176,0.46391441588016513,0
-0.19310133519727574,0.42976957112438297,0
-0.21171458099603002,0.4584402932947294,0
-0.26529167358382716,0.5160765929234448,0
-0.1830113955472098,0.5017452171948801,0
-0.1963085034630842,0.5271398356395852,0
-0.11385506545973265,0.5307653001279801,0
-0.10868630392520064,0.3344784769285081,0
-0.2266270055270409,0.29844214016046955,0
-0.21408625879080162,0.3173879543499186,0
-0.3124027162765834,0.32708336045973996,0
-0.3345894064918156,0.3098205767964998,0
-0.3345729461053028,0.2959805873788545,0
-0.3531868199274442,0.2819470624160649,0
-0.3531684948080805,0.3315392358873,0
-0.3121773529111049,0.40796593565070716,0
-0.3372065804560299,0.445621561245205,0
-0.335257784779333,0.5292982833925213,0
-0.287581033182082,0.3727211180313604,0
-0.35959762096574904,0.337064592505003,0
-0.2763343156996795,0.4397979573127234,0
-0.3739705762222757,0.420241626865585,0
-0.3369138657866255,0.36728034525897446,0
-0.22985253872646483,0.43437569159449463,0
-0.27565520942155136,0.3849470377454005,0
-0.2550539470861735,0.31073594449722486,0
-0.25924233573525135,0.28384738116729824,0
-0.31963796807676165,0.18259841838775176,0
-0.26091332085692115,0.26735973915497635,0
-0.3011267709541226,0.2668322606841446,0
-0.3299931206572196,0.2117484578600884,0
-0.26670618688163406,0.26240390861814283,0
-0.25832421483838713,0.21787294016556558,0
-0.29281412078688973,0.22447449581999035,0
-0.4125052192209641,0.27823590483821414,0
-0.33537459289836336,0.34638147521276824,0
-0.282626184837507,0.23955655466764025,0
-0.2458555137740386,0.30987769489050543,0
-0.2251221114447692,0.4453093887494085,0
-0.2830183520819791,0.3150074721112134,0
-0.22150334368769406,0.46624671870034934,0
-0.26644878324851506,0.3576234246441143,0
-0.11737580419086471,0.3887499530231786,0
-0.2434550419094047,0.3736071188853953,0
-0.26396004334510753,0.3903906210471054,0
-0.23237470208829236,0.27120469292527954,0
-0.2649255542977645,0.2666954087624549,0
-0.27545913398696076,0.39018833812745074,0
-0.2415956631898342,0.4813282640437913,0
-0.22127582243953722,0.5528965794550714,0
-0.2660921553878259,0.4392025228737119,0
-0.16911391683539181,0.5027670158195238,0
-0.15130078391400667,0.4892659559469008,0
-0.23955173733186771,0.3811886369162882,0
-0.22704102863206718,0.40037447368530343,0
-0.2532694689442817,0.4755849758515843,0
-0.10195718548706939,0.4010409726601194,0
-0.20103902533263412,0.4576269102637087,0
-0.16488209847131735,0.419143078113158,0
-0.225410706785665,0.3451129802041571,0
-0.16640394464051217,0.4273150197494679,0
-0.1804732695951065,0.408391465344123,0
-0.15177568489383408,0.4059659168741719,0
-0.22932107797281132,0.29732222518122187,0
-0.08299386946831253,0.3882982849138876,0
-0.019581478241920816,0.34624925188238254,0
-0.11823864907406993,0.40197227130900115,0
-0.10933730649705435,0.34853953928279874,0
-0.13119508754295675,0.3077259069333545,0
-0.11274710307218028,0.3314273619830955,0
-0.16373681804822568,0.354473960527369,0
-0.1462357705621642,0.42674228780677037,0
-0.12157899394331967,0.396229431876602,0
-0.10982415343866794,0.3886431028466596,0
-0.09708858642288294,0.3279604264029805,0
-0.043585620476247935,0.3118165530426858,0
-0.1387199946947052,0.3581309184529595,0
-0.10528830968075831,0.3274882960512693,0
-0.09296977917262206,0.3086466433836422,0
-0.08973885876932629,0.36822686463713983,0
-0.021525489709520465,0.34190884006290684,0
-0.1281542048069295,0.2724903070233172,0
-0.1451796288590732,0.346333406992815,0
-0.0706889148162489,0.29339204522982115,0
-0.03983985351066485,0.3136085065516469,0
-0.15564944245211135,0.34909981914408644,0
-0.1801878561179368,0.32018568071701464,0
-0.15577095770072885,0.3549872369106124,0
-0.13211808514020582,0.31167245214643413,0
-0.08072503142609849,0.23088036288792296,0
-0.17869094751702408,0.2446092136387626,0
-0.028404670752345207,0.37554035674334507,0
-0.0942876874914729,0.32624656385409573,0
-0.12188398941996795,0.3752745201846451,0
-0.11899180282377593,0.3706250541883344,0
-0.17806841597468615,0.3773599357101731,0
-0.2167843086027928,0.42996207251019813,0
-0.1652235835426742,0.3498977490940671,0
-0.26023911347597734,0.28816590839066564,0
-0.21613994871427472,0.30097979035032857,0
-0.165762827629778,0.32184062185091133,0
-0.16202788913657093,0.28730659920977,0
-0.19030161353561864,0.26912384516241183,0
-0.16667364853498104,0.19530557848692992,0
-0.19652724139832448,0.1586875856166461,0
-0.16101967145800786,0.24715285438856088,0
-0.1705312615912397,0.3144252306686224,0
-0.18930937824678595,0.2884030918161451,0
-0.23876070600636745,0.3731708508171261,0
-0.24153190899118843,0.22849705260620715,0
-0.20776266423782458,0.30432915712861075,0
-0.21646480268166962,0.21550250745758479,0
-0.20749874487647443,0.2087505989625269,0
-0.28180489976966505,0.19943467825601652,0
-0.3153077638754932,0.15545900552905556,0
-0.309297133816499,0.17466456128566035,0
-0.20658898231751632,0.19922858596302356,0
-0.21074486154205085,0.2879170322463383,0
-0.22028119684880518,0.32304977460230466,0
-0.27466378112294304,0.3089657484071295,0
-0.3326662718519408,0.22869863347925287,0
-0.2533452983401066,0.25967444420021224,0
-0.27162763772498705,0.2865648138686444,0
-0.19588304505459028,0.30575648123499166,0
-0.24486427171358952,0.31730570153209803,0
-0.33284611719799934,0.28184215256647444,0
-0.2398317773328611,0.344259061346584,0
-0.27302010350122713,0.3446698110310084,0
-0.29655962523408563,0.45955307219727304,0
-0.26017235550862994,0.38627909094870244,0
-0.25030093180209,0.45768149362611676,0
-0.2738666019346882,0.40864168588296845,0
-0.2784545676879277,0.35636854435055215,0
-0.2793816724949255,0.4290407593621425,0
-0.23586024548091225,0.37260563234953176,0
-0.2562240941371341,0.25422761542080363,0
-0.22890984160662475,0.3245661631974177,0
-0.2778854387575851,0.3818609122805305,0
-0.27369095099176666,0.2937656210671405,0
-0.3573023573729831,0.3395146619907428,0
-0.3662799817377014,0.49380020651759327,0
-0.3438198635474388,0.544718103388814,0
-0.3098168622226505,0.46383111804716204,0
-0.2328375033748043,0.41208646255009707,0
-0.2599206442565749,0.4131017608951074,0
-0.17902286559814168,0.31008892563427826,0
-0.1954825875065762,0.3297234716602709,0
-0.2635020796829031,0.3721003555549343,0
-0.33092006795144957,0.43148525228891804,0
-0.2738796462267202,0.3478461420320208,0
-0.19387534158618627,0.358197353565151,0
-0.21468207036510265,0.38638601630999925,0
-0.22622801925997768,0.4375531321710154,0
-0.19726611090752239,0.3615153508595291,0
-0.18593893418942103,0.32494776883514037,0
-0.28590609802255856,0.32111784842873803,0
-0.15783429046424347,0.29247822775361826,0
-0.2267110277923426,0.41155320706555987,0
-0.2218353753799801,0.3551881392442372,0
-0.2658768843677363,0.33112813092034493,0
-0.2647925580996863,0.4174478529385399,0
-0.22162573077427208,0.31829769588091456,0
-0.288393194046308,0.4097379354523741,0
-0.38463876268768915,0.393931273382395,0
-0.28162210443370317,0.4084222300877698,0
-0.269129737681339,0.36942583355533165,0
-0.2714902384975852,0.33131022139137944,0
-0.26777340268222344,0.24750908191503163,0
-0.2592716025808591,0.28775136606163204,0
-0.21715833089669445,0.29510692913193237,0
-0.19029166760743935,0.3635851294096632,0
-0.11188274749897054,0.33101075368940225,0
-0.21516304256841223,0.31669446959730796,0
-0.19404203411087254,0.3841371626238515,0
-0.21483393396341627,0.4069262309568227,0
-0.2594340014142153,0.41881251948155174,0
-0.23568279319912988,0.4217970037864077,0
-0.09492062262158751,0.39225788989647653,0
-0.20056164169926707,0.3545279047501975,0
-0.17520472844977333,0.29122369198357667,0
-0.11321974970250029,0.24768910316268358,0
-0.0580954878433304,0.35116086233166416,0
0.035075313409710145,0.3627888526366199,0
-0.13456224453042126,0.34375655617966516,0
-0.04166168943725043,0.29997322711463653,0
-0.17965814489426069,0.27629596568818876,0
-0.2594022580603844,0.25844627659423447,0
-0.1959394934770993,0.21499228989070088,0
-0.16603927857407508,0.22418491338877045,0
-0.2788527539536192,0.18583194773603157,0
-0.27959209098995574,0.10299211254152835,0
-0.2296298012009777,0.1131591505490529,0
-0.1857379314958028,0.1554208366653861,0
-0.23126994970730547,0.13427111114044582,0
-0.1218991788911405,0.23554135434900092,0
0.011014535749431134,0.17549409952793532,0
-0.0970540402009661,0.16296444369453555,0
-0.016832414650438415,0.21629580694374723,0
-0.05240121645149758,0.1829535180323427,0
-0.1167302280526436,0.1416021757580232,0
-0.13119810860820014,0.29030089989007757,0
-0.2174479635837832,0.2457871251606754,0
-0.20464178641453104,0.2269740595469304,0
-0.2055064195128397,0.2545067795834438,0
-0.19286442750474972,0.1286219256974098,0
-0.28995040750024703,0.20805653000863283,0
-0.22409388834137367,0.13160366532776935,0
-0.27196930104659456,0.2120058527468931,0
-0.27270764896563754,0.1785055319723112,0
-0.4190221656163175,0.15576320156482662,0
-0.37227345490681846,0.26064656938326475,0
-0.33488687132107364,0.16944340844338018,0
-0.31649666490469386,0.08290180352458884,0
-0.256592878406695,0.13619443947884824,0
-0.2776556872952551,0.11154431650045349,0
-0.3721842094434358,0.10574940227020019,0
-0.40789236494363684,0.08784044932491643,0
-0.3253684973498022,0.10032886806923749,0
-0.31425439112533676,0.0669509367615995,0
-0.43985919054211603,0.22543579178119977,0
-0.3518590459198785,0.19797341081660907,0
-0.3139132185061401,0.1487504479321707,0
-0.2994675753187324,0.18434267025238069,0
-0.24654715207584732,0.24596525560300375,0
-0.3159427308371831,0.2586184402019438,0
-0.2809722609208719,0.23020791847070696,0
-0.2756092971235736,0.3374661433712236,0
-0.2887884964371584,0.3730479071412924,0
-0.28588514645181007,0.3706071243405126,0
-0.28798368603319335,0.3829008110324176,0
-0.27382575471992787,0.3105769627492109,0
-0.272515984371316,0.32244706757701125,0
-0.2176367096282036,0.35183878761835125,0
-0.2523360084149616,0.36103850646275687,0
-0.29689906800457616,0.2897060656733058,0
-0.2983330474902152,0.33226206965779226,0
-0.2889654069114269,0.22538725721783415,0
-0.2833356190358345,0.40633325701927625,0
-0.1460171719225375,0.31711219775820637,0
-0.19998406681287142,0.32371099862514696,0
-0.2311766360811705,0.308277029867618,0
-0.21254348324877004,0.4227660013285972,0
-0.22609232525572473,0.4157542368540502,0
-0.2659192075741559,0.3889849401799923,0
-0.19677200971557382,0.36707336754750786,0
-0.15188127292627315,0.3362487539452849,0
-0.17121951250688705,0.3486321370610152,0
-0.13964199773614971,0.4743252975265723,0
-0.1505365676532792,0.44062819847072404,0
-0.23864768780107004,0.3582483670322617,0
-0.17531881615004874,0.4106520158341722,0
-0.16637563232330393,0.40214099491880545,0
-0.1947787622380392,0.45462644015764814,0
-0.18596212033667078,0.47469385726185254,0
-0.1721977634540936,0.4397752481919959,0
-0.1674098704969141,0.4718379281323208,0
-0.18867068916316873,0.34014893984050354,0
-0.22489856209321346,0.3853312186529703,0
-0.2237339880959617,0.3918942950676453,0
-0.23767625891447455,0.4548976879870089,0
-0.14525264784431396,0.49048898509651256,0
-0.1550241799624297,0.44494466946682926,0
-0.1644582847936781,0.4039834832331974,0
-0.12087267150716303,0.43934899552384815,0
-0.12993643616149225,0.4642643897611997,0
-0.09840903227107198,0.4745750314510673,0
-0.1313062515623174,0.4715001536204087,0
-0.14150423352615604,0.4295936352239289,0
-0.13476630744856954,0.4418516121462091,0
-0.1382579097445164,0.49406953496573075,0
-0.04415056538095603,0.39295980996329344,0
-0.09225356998477885,0.4314692683120268,0
-0.01826560861312894,0.48411738361209167,0
-0.024027839231924183,0.4246137302708051,0
-0.0682129984559452,0.5577838769459433,0
-0.05629647087206575,0.6108345503167512,0
-0.136078908856039,0.39486073043148634,0
-0.08483909592665491,0.461148136331891,0
0.009097766421171105,0.4460314203366356,0
0.05956020057983638,0.4874537093731901,0
0.10755589945838666,0.4393922922595077,0
-0.02608845076609996,0.4686734982528533,0
-0.07277493666955898,0.48125978297040045,0
-0.1643781116845945,0.4927840910730078,0
-0.28081870973470596,0.5195675890063249,0
-0.2262643498146304,0.5398598683550272,0
-0.19830523450339624,0.5013709659731491,0
-0.1945102359153336,0.5431569388833856,0
-0.12486084631104694,0.5599389017729921,0
-0.21556357863539147,0.5747940078904089,0
-0.18434417569904102,0.5363511354936393,0
-0.18351690180921698,0.5240261365367307,0
-0.08175682816091452,0.48837937947945537,0
-0.097914632924861,0.4390634906955538,0
-0.1389978669293787,0.4465902875688847,0
-0.21261993751598196,0.44064111463255684,0
-0.0800192735767466,0.47717657809956143,0
-0.05370035949348066,0.47029574045834804,0
0.02713992379568113,0.5208067587964875,0
0.040854911374760855,0.43006398276038404,0
-0.021688484471097697,0.4795867554971719,0
-0.039399851857717445,0.4227340436328326,0
-0.04884026763223909,0.4603751164005349,0
-0.10084331494910811,0.4690495533962818,0
-0.1098726966932827,0.5466145932171322,0
-0.0700122838989077,0.5001543988119753,0
-0.15551811239020297,0.5099123595691535,0
-0.1271637259814726,0.4848799583656473,0
-0.12416871535925114,0.4092201541384179,0
-0.10078027534963824,0.37168606650359565,0
-0.0717394097068663,0.5156467052824101,0
-0.09914958641501015,0.47019570975029756,0
-0.07596108651699165,0.42231988653321695,0
-0.09358206622327502,0.5431129515872026,0
-0.02379368379175796,0.5939939397634317,0
-0.12383402911485628,0.5076191559464283,0
-0.09786599773441884,0.5028434873797629,0
-0.16283399538362026,0.4769318034901636,0
-0.20546018053763626,0.543761529444195,0
-0.11866494357184816,0.5286176813694433,0
-0.13226055955353155,0.5287165533579183,0
-0.04768727360227083,0.49160854559272693,0
-0.04226975988093553,0.5126508776735533,0
-0.09151535390383841,0.5428411048501645,0
-0.10713569791888625,0.4285833634743123,0
-0.05979241958740223,0.48438143310635123,0
-0.04801719269332835,0.5032439537657349,0
-0.1613365404515949,0.4888026088699178,0
-0.1488915991289656,0.4695793276704213,0
-0.22634821735679783,0.5010234237892108,0
-0.14976406985196827,0.527354459229647,0
-0.13607870237279518,0.529403615506064,0
-0.12345463101558739,0.5320064930494571,0
-0.2270145761726715,0.5648178165031089,0
-0.2654305019234474,0.5241781481390536,0
-0.22812343700325016,0.5387003117122082,0
-0.28577201311180206,0.4735122105952931,0
-0.3304848826879269,0.5293018484735663,0
-0.27938522146610734,0.5086867673759717,0
-0.30123093430343173,0.5260310398480306,0
-0.3178811078665986,0.5636116790745606,0
-0.29834192140213606,0.6014280587178079,0
-0.2660121054714141,0.6657226397803311,0
-0.2522890289118888,0.46606022598821806,0
-0.18995005694740663,0.4406078379596627,0
-0.15605218847816765,0.5045093915853636,0
-0.11596365593574859,0.4612704718873176,0
-0.10888014906437568,0.47568383278474075,0
-0.09584846022929201,0.5116233568945673,0
-0.12415156270295026,0.4579716522907789,0
-0.21914284239499113,0.4003076744398055,0
-0.1920399652291461,0.4589742849234859,0
-0.17750026905607202,0.4655567629350107,0
-0.15114766338425634,0.4534665957932044,0
-0.21308362933795139,0.5174515387468026,0
-0.18122376652032252,0.4994879001828278,0
-0.19835665341895187,0.47298804470973255,0
-0.16157084494519747,0.4114701912330119,0
-0.19518965026781346,0.4150750527196086,0
-0.24594763112729195,0.3622799501567623,0
-0.23877463693581688,0.3623861351978785,0
-0.2791932229501758,0.3396233264736004,0
-0.21422015677081682,0.3698375838820822,0
-0.2163890313838268,0.27109469879857423,0
-0.1721166935858376,0.27053639933584783,0
-0.20320602314364314,0.2572871816131525,0
-0.2793965402689498,0.31584615032748753,0
-0.2780991855414154,0.36175248302369667,0
-0.18047365536896165,0.4102534557998195,0
-0.18490973488719564,0.38389223140972656,0
-0.13281918386347868,0.3581963623108067,0
-0.2222506936619033,0.42756124479068675,0
-0.15168028487653004,0.4198484131889643,0
-0.13383648686146968,0.3930387337385187,0
-0.19401022387798922,0.45483719149885177,0
-0.18259672681678682,0.3011354219203074,0
-0.11377552798720743,0.3556003843016272,0
-0.15280001161023998,0.24526475790478186,0
-0.13547468223476247,0.28557360102589197,0
-0.21404796300578605,0.23409510943434186,0
-0.28665011750748887,0.32936042515841996,0
-0.1761122135048771,0.36205585115844335,0
-0.212377807444307,0.3543830317743167,0
-0.2500868214326082,0.24740610224345344,0
-0.18506420452680222,0.2934378292013571,0
-0.24789399191351558,0.16749910306924196,0
-0.20801178973313278,0.2875413480550174,0
-0.22407700771202782,0.38837542796981106,0
-0.2651205496112481,0.3604350741579627,0
-0.27842651649581246,0.3582047997174134,0
-0.3139696700503277,0.2719201854882773,0
-0.2744919736977183,0.217718979453228,0
-0.3567556069911949,0.25040353499563595,0
-0.3070945919651113,0.25444293885104496,0
-0.3089381437681216,0.26098893333541423,0
-0.2589401964859818,0.33758672267707623,0
-0.15778712596293626,0.3646913057665157,0
-0.1931332531477232,0.39965226570179835,0
-0.16981854889449643,0.3633433432395238,0
-0.15467509763417328,0.42833334768626324,0
-0.22019040598353593,0.46560904439013984,0
-0.2529458342659547,0.4353894926065341,0
-0.20853234520711605,0.3708608150452951,0
-0.25338995522662144,0.2963673527781904,0
-0.2444078175463051,0.24259139924288206,0
-0.3077008262996203,0.23246601913089424,0
-0.35668847406180343,0.2608212725708082,0
-0.5030533849760654,0.25209578506425134,0
-0.3265819514434197,0.30851441926185674,0
-0.4447570008319406,0.301769358744543,0
-0.42618869206346,0.34263729626985684,0
-0.33968206890437636,0.34683634987090417,0
-0.25953663092560686,0.3337118194720543,0
-0.2512888022213132,0.31163677129585,0
-0.3805287356600203,0.39908710873762165,0
-0.33489718871400836,0.34561295947762727,0
-0.24804166553683038,0.2743971657588058,0
-0.3691568029077051,0.26624410820414735,0
-0.3597559122335216,0.32242790061729937,0
-0.22101846927057375,0.33286702418023145,0
-0.34456957812392536,0.4196793149492495,0
-0.3420903955488268,0.4254305629715555,0
-0.3633120452839843,0.35831997485867717,0
-0.3722676102162729,0.3103769054835663,0
-0.3505797537156717,0.3514290366646462,0
-0.36943894924697207,0.399834469321203,0
-0.4115351583362887,0.3360630310846655,0
-0.359318237174592,0.3260784339315322,0
-0.2674521324163157,0.34015337751121005,0
-0.2831116314963425,0.3466129753004893,0
-0.21742535322398887,0.37218306742782503,0
-0.24779411939837476,0.27589899628826775,0
-0.23057516376673962,0.3753415878246287,0
-0.19349071846992535,0.31612193797908267,0
-0.1936302164575512,0.33778322627567353,0
-0.2786382567616267,0.3483295944051301,0
-0.2661468852427962,0.3671983217343064,0
-0.23232571271769265,0.3213274508947982,0
-0.23042707106411736,0.28000131225689223,0
-0.21392749541967668,0.3169163109073021,0
-0.18200731339645362,0.3488758877592252,0
-0.20660472703339344,0.39246126822049854,0
-0.16830417912409862,0.363666040649075,0
-0.18211194584559753,0.3709407848496677,0
-0.15123460199533473,0.36616917260998355,0
-0.2922665628065547,0.3377894088052521,0
-0.200948795214118,0.3094875024573932,0
-0.2649032429147219,0.3049077955155085,0
-0.26067113792074564,0.23451304608898693,0
-0.2835967726983214,0.28819982028432384,0
-0.38039976076980386,0.2400480445349865,0
-0.2998738251711124,0.28114707368848896,0
-0.2902562328241965,0.1873735483710916,0
-0.23340773703709358,0.24770101369609826,0
-0.27766937518486806,0.25346375741206095,0
-0.3528321898172559,0.27081798571549515,0
-0.29248781532337476,0.3207763103368216,0
-0.359352089909357,0.28662649275425994,0
-0.28782588247248453,0.2303962045221114,0
-0.389451721048873,0.24699199903910748,0
-0.2913554688092203,0.3451910638464415,0
-0.3906258368667636,0.24569030877303263,0
-0.35040411166132585,0.2501609086148715,0
-0.3775975317131063,0.2173862431249857,0
-0.3689753621620469,0.23559099749915788,0
-0.3474181890761018,0.22142028642478423,0
-0.4095965220971265,0.23624870237843756,0
-0.5436193511836859,0.09509509942503866,0
-0.4288172127733827,0.23408679521468947,0
-0.3985227782485765,0.2737577941038953,0
-0.37138696532018306,0.22517139456284435,0
-0.40912948762198753,0.21105836028762612,0
-0.4183012969508162,0.15033034657039274,0
-0.37476153115404476,0.2939805075724676,0
-0.4730619350993856,0.2994570948144718,0
-0.4176737049743254,0.2873214494486837,0
-0.43353329504447097,0.2564499288852926,0
-0.4750207959417839,0.10710250640849861,0
-0.3782830140012394,0.2342331928958816,0
-0.4627681000570777,0.21085237609834248,0
-0.4068785964749565,0.33806274593639485,0
-0.40170772368928337,0.2887945674004824,0
-0.33629723780168264,0.2446787195555881,0
-0.4756646910072871,0.15927866046983694,0
-0.49342733319000226,0.2569225572720572,0
-0.48586978207063924,0.25671878168190776,0
-0.41424874648299914,0.2569459346210516,0
-0.35859799756920907,0.12477269649677386,0
-0.40515688883441664,0.09971737462493602,0
-0.3683644191345887,0.13822287902317915,0
-0.4833260548279559,0.17591313474521902,0
-0.38577502040776834,0.10057759639820071,0
-0.42079736962258724,0.13798734695578907,0
-0.38505630986008804,0.15943895019466614,0
-0.3652202491912861,0.05542286013923259,0
-0.3907472289008959,0.039802380637606015,0
-0.37306998543861913,0.000853744948519343,0
-0.3606707329825099,-0.007042349407345562,0
-0.37752198962679195,0.042991639203691444,0
-0.3345702751400634,-0.00881082849663302,0
-0.4238475430721861,0.032369954583687334,0
-0.4348415642546937,0.018766635484805158,0
-0.4141224591706661,-0.054773007686488864,0
-0.5083339641389576,0.023694178514033062,0
-0.3941626056466223,-0.029174374482571173,0
-0.4414390497963741,-0.05611360160478327,0
-0.40236399173483667,-0.022429911244350134,0
-0.4215568336700322,0.03526755747676327,0
-0.4553626038081993,0.10663540982796206,0
-0.5448304370580699,0.0579086720904413,0
-0.46257380919011104,0.11641475162169945,0
-0.47738695242721313,0.10130139309012669,0
-0.5630156702502254,0.19922861349428497,0
-0.5292262338100845,0.0849516831830568,0
-0.5086457387779219,0.10352216515319891,0
-0.5060435250135796,0.09808512873771698,0
-0.5571592834871961,0.14573511351603025,0
-0.4861743143140644,0.18027981250126066,0
-0.5120101153482247,0.08726915619065521,0
-0.43344186147931885,0.17914329695500736,0
-0.5168035872910207,0.2151830104611962,0
-0.46129390134075976,0.23045932624912122,0
-0.4484615734259,0.3834407951620488,0
-0.4068474668572056,0.24759046024224216,0
-0.38356795988617803,0.21312959896731604,0
-0.43261739880918154,0.19790021962255158,0
-0.41167024388005313,0.2864726426302185,0
-0.42886718395013795,0.1413358846058161,0
-0.4548269832803509,0.12165205354217191,0
-0.35034339927750435,0.20483396653751085,0
-0.3422503870455387,0.22685009716257382,0
-0.2992971805840841,0.13559599100548514,0
-0.34396643957376505,0.15343377170354167,0
-0.363530508530152,0.06018733781580969,0
-0.43837046109089245,0.11524365975377227,0
-0.46017591972508826,0.19255496407743206,0
-0.3491921166222839,0.028281532475859683,0
-0.3471803483765579,0.003124245033075842,0
-0.3882678162944698,-0.00556103328082436,0
-0.3588482130000181,0.05622251109702629,0
-0.37175415590089467,0.03482217915208438,0
-0.43188618389112704,0.08892901944268605,0
-0.35549293690248496,0.06076729346878615,0
-0.41188354144073414,0.0969983816254913,0
-0.3891212309645848,0.11536536168901754,0
-0.4917109661892734,0.07337262697887267,0
-0.4505304785535169,0.14727126599111304,0
-0.47363009524496363,0.06839961493682142,0
-0.5224964075740598,-0.017816214877962533,0
-0.4665998929830833,0.04887905121502559,0
-0.4245517469414678,0.05380306185957138,0
-0.4536550239758183,0.11803534424525383,0
-0.5270774568104086,0.14857077545004072,0
-0.5979338782267736,0.21970053173013637,0
-0.5479462855136792,0.22030912008261386,0
-0.5295364747289416,0.2345484864054863,0
-0.46468807975134746,0.22439258828365502,0
-0.4570907051408508,0.25557753288382173,0
-0.45296667916737127,0.21659378644118477,0
-0.4661289524420962,0.17249427298074427,0
-0.3804572352351196,0.3044552155137018,0
-0.3691960360138009,0.23457448738544562,0
-0.3967712920288642,0.22913216398144992,0
-0.4142073103677011,0.26818986812705997,0
-0.4144573182479032,0.2136865404086051,0
-0.4555636690453493,0.17678642505897252,0
-0.39491272288947493,0.2187393421513362,0
-0.34288774104766373,0.2678446364146385,0
-0.39335029054622866,0.26588598457513973,0
-0.36374907248165206,0.288830147785555,0
-0.516589645296251,0.29607351827423506,0
-0.5459544977416695,0.3055642679343086,0
-0.5831737068586055,0.3404843765532928,0
-0.5331859318012488,0.3208676510577826,0
-0.4949812483361756,0.3684775288567346,0
-0.6103616549847811,0.23571551051097867,0
-0.5267214957915133,0.29349943112751414,0
-0.4609905415969447,0.3327984951225798,0
-0.5110989236594629,0.2374704816243307,0
-0.36148621281462756,0.2717595194590259,0
-0.46849139368865167,0.26434052770373023,0
-0.5006611491224409,0.26519589237862945,0
-0.46971207542448,0.2361589754252676,0
-0.5207439098194228,0.13760507332106003,0
-0.5170371192765376,0.2078034056297723,0
-0.4728535179981882,0.20583789132656471,0
-0.5259452393259195,0.2682757363843269,0
-0.4471586102932865,0.24177772835581393,0
-0.434489498946608,0.19599436001206128,0
-0.4194905493523502,0.17621187227822432,0
-0.4532982352996156,0.09937177226626083,0
-0.4279989708915189,0.14927236182791076,0
-0.3742895442455234,0.16581434178934082,0
-0.46258452087430046,0.10683363315486301,0
-0.4821980014818518,0.11391339875448471,0
-0.4868791961900881,0.1653610666635903,0
-0.462234087431161,0.2943340355254631,0
-0.42985475618656305,0.22785349167496588,0
-0.37770817801480416,0.21950138480799616,0
-0.433302667029708,0.2004121196761003,0
-0.49621863764510443,0.11291348252704676,0
-0.5026809112845839,0.13062507798192707,0
-0.5131902747236791,0.12964281725602772,0
-0.5014487119085059,0.16458956265448502,0
-0.4682857013539203,0.04036000784820133,0
-0.5384864590699369,0.005178670852421741,0
-0.5225784200334262,0.043571967819656006,0
-0.5581109527045552,0.05276144854995689,0
-0.5013897583799088,0.10451184391821008,0
-0.4849377678791149,0.09002712861740657,0
-0.5718602571199282,0.07749040817845279,0
-0.5811247725349123,0.13291163416730145,0
-0.5232291168735597,0.13876557071528878,0
-0.48978827974366157,0.20001300531667632,0
-0.5712102167240606,0.13502865074267556,0
-0.5203197000912002,0.18187667128752427,0
-0.4241999607646585,0.12511783380579383,0
-0.4580536262241942,0.15835111582103256,0
-0.4590135505619462,0.2751882054504343,0
-0.5758942646268306,0.15309773008127098,0
-0.5085910794576115,0.16395309282444048,0
-0.4041239970756435,0.1816768621693454,0
-0.47058177673489354,0.12905954029208908,0
-0.4683782431693066,0.17892941303482812,0
-0.5021169814468207,0.21759855281982532,0
-0.47553301156350136,0.1462202820200185,0
-0.4696000527455421,0.0835281724435306,0
-0.5183874550285805,0.09654608392872577,0
-0.5509319500877995,0.15313270723222583,0
-0.46720540576887304,0.1338705524714231,0
-0.5134244256418362,0.16185598930687484,0
-0.4682176942456707,0.18657525391466326,0
-0.5218718982564495,0.11799062636524509,0
-0.5084371337187883,0.14942787557283888,0
-0.5710545617349073,0.15703698561747825,0
-0.5427045786244735,0.08534298796417815,0
-0.5152519482693242,0.17193206904944214,0
-0.4626404055558727,0.14993453571719506,0
-0.5305534931114806,0.17416325615443456,0
-0.5592202572596979,0.1664811826439168,0
-0.6484337859894298,0.23509698070225918,0
-0.5255639847487416,0.12848041336038124,0
-0.583986640783683,0.2213513995873516,0
-0.5208258633036041,0.20506262132906233,0
-0.6151810498800655,0.19111596907790018,0
-0.5921238036561205,0.1487866077024291,0
-0.5776402631591598,0.2253583132575817,0
-0.4037423273365732,0.24106452293013078,0
-0.38879794467591433,0.2449407666056191,0
-0.3960307071583803,0.20607278162801987,0
-0.4923406992796162,0.273731336794914,0
-0.4897281385838744,0.26530981612531884,0
-0.48538004457976425,0.26472181076829837,0
-0.43361836199200454,0.35582928695422655,0
-0.4258415231852967,0.23282919084109424,0
-0.4155603445661865,0.27654862367599553,0
-0.42943666343918285,0.23141529109518388,0
-0.38576156300728837,0.2558392227173419,0
-0.4397981239553193,0.1600010139980087,0
-0.4188072440467485,0.2487564543350069,0
-0.4194480933933025,0.316544543081673,0
-0.47470121029918716,0.27353433978097186,0
-0.5447940205294904,0.2568560111199581,0
-0.5601226560297545,0.20179986130870411,0
-0.6288454509633037,0.1729856883074822,0
-0.5759767708112964,0.13136345293211144,0
-0.6126843180316596,0.1797357971387773,0
-0.5410962125361033,0.15567233448198084,0
-0.5181514753589687,0.13994128774380876,0
-0.48964971956956926,0.2636253870850008,0
-0.3738338191003108,0.28095320406361207,0
-0.4901037442466314,0.27400887707564,0
-0.5898548664762037,0.246088724825753,0
-0.5685182478110573,0.34519973041342655,0
-0.639580256976736,0.2783551656822195,0
-0.6706500816179625,0.2703385650944035,0
-0.5665598315616663,0.37557320189223153,0
-0.6268718963546824,0.3082030521637254,0
-0.5817710233446184,0.23207853958581265,0
-0.5602730495505119,0.26973509886023184,0
-0.5268524804427841,0.2565874716096239,0
-0.5557154782305814,0.2965341229449398,0
-0.5728734107410647,0.24531989735018334,0
-0.6445218335428187,0.26033361577499825,0
-0.5824126092013365,0.2679883051655075,0
-0.4661625046117909,0.18014746191467873,0
-0.6194966228357912,0.21300130699603906,0
-0.5945017640308508,0.21532265815160315,0
-0.5815987003622449,0.24778673314892655,0
-0.5914487573289019,0.24935879585587287,0
-0.6862231826397209,0.2913053755081732,0
-0.6647592693591486,0.24025630466080278,0
-0.6688355152250895,0.1596522043920714,0
-0.5751759115618649,0.19884654262492918,0
-0.6654656926741865,0.2680416390514751,0
-0.5398699962482459,0.2048615036389147,0
-0.5808385748949857,0.19514164607450946,0
-0.5295112471849176,0.27840548059271963,0
-0.4908034496155424,0.24010536648555247,0
-0.508990925953624,0.15763362415250212,0
-0.5800250349245333,0.10346943204947892,0
-0.5935630304584971,0.1082370879630308,0
-0.5335170944813725,0.20551387366364848,0
-0.588867721992149,0.1933251014563099,0
-0.4928564743296711,0.14807086309576373,0
-0.6147127295564913,0.15470425236132312,0
-0.4444420029488686,0.17793036086080913,0
-0.4579012793019811,0.19143742721949894,0
-0.5686380402047463,0.17470023610320534,0
-0.4970266563929163,0.18158369470280658,0
-0.4976274944926785,0.12994396704810177,0
-0.5599835016406114,0.13325779283861727,0
-0.448692846158938,0.19876303868577855,0
-0.5177204868337283,0.2472506129159429,0
-0.5234241928055524,0.17873707826679475,0
-0.5239633580439369,0.3060577425009817,0
-0.5344105671046844,0.2539395838726522,0
-0.5825360093914888,0.2927204528826117,0
-0.5843319420560035,0.30101800185358446,0
-0.5041550897801177,0.2845989038376423,0
-0.5957510342918069,0.2723076289221372,0
-0.46357188130366866,0.35239479179472016,0
-0.37853138409472664,0.23104288296639536,0
-0.41104928380474176,0.2680636310170513,0
-0.5182055790542495,0.2962745756775826,0
-0.4806320838840232,0.2459991288036625,0
-0.5242299400171354,0.252359473578439,0
-0.44558413468341473,0.3033588123732878,0
-0.5382217356818675,0.28442518518255344,0
-0.5249017392770766,0.12042400221307667,0
-0.49024957621497417,0.21672470676687172,0
-0.5532544897398204,0.3141581883218175,0
-0.49913046628109264,0.30041005528241116,0
-0.5101521162909971,0.2701027332830225,0
-0.4905838845064148,0.22356510916666816,0
-0.5857311659540395,0.20854840830571386,0
-0.5129029443517298,0.3163923410733272,0
-0.5197227062584345,0.29740502649395745,0
-0.5065102152227283,0.22702501717181517,0
-0.5206370503444451,0.3365706235400166,0
-0.46759660815628645,0.35665170414809566,0
-0.39183226746275823,0.2663637622946396,0
-0.4806404281026135,0.333740871935029,0
-0.4940833115062555,0.31195454844878107,0
-0.46082917101488646,0.27899929553758795,0
-0.42566331947109903,0.2312991348482512,0
-0.4165317997664538,0.20928535423893507,0
-0.5357926167570818,0.11570882642294675,0
-0.4240009874310721,0.22590623160541878,0
-0.5465324617734839,0.14348447285702318,0
-0.47819698505332353,0.22149956922464442,0
-0.48868901000220305,0.17973937202367649,0
-0.4818931992247672,0.2252766303466133,0
-0.477732197226964,0.17265849799845934,0
-0.4408436238773733,0.2110018315369457,0
-0.47520842993935275,0.25401374452636266,0
-0.4388088852969948,0.1982941258413525,0
-0.5444498047634538,0.1924157805894103,0
-0.5015273410932527,0.16234543823324846,0
-0.4959784103107235,0.20202984439367933,0
-0.39710227183483277,0.2351359906470549,0
-0.5152075083467347,0.18147081126941486,0
-0.3737897651736383,0.23748845096321597,0
-0.32955969687339,0.23794381308665952,0
-0.42234820795488914,0.2514028389415643,0
-0.4577160191863038,0.26853116239455266,0
-0.4547150554529479,0.29773844046400794,0
-0.4761711930936182,0.3165011747205248,0
-0.48083651465587784,0.29968511614586074,0
-0.4518704111019509,0.3002637515230092,0
-0.38286977606705147,0.19093970685710587,0
-0.33299453504151144,0.212078638370646,0
-0.3038753999194002,0.21349576010327898,0
-0.3908000729787944,0.14908912105737743,0
-0.47610059797207144,0.15255219307900655,0
-0.4935165728190716,0.08217505990435187,0
-0.5181561197438328,0.18014091875942617,0
-0.4604697535237154,0.21823689082912856,0
-0.5071924781584697,0.224765111900442,0
-0.4296143308861246,0.2485608583246968,0
-0.5103370197750106,0.2349076088292627,0
-0.4335883237205124,0.1826873405090298,0
-0.46810404718684107,0.3097595926165875,0
-0.3613105238231276,0.27210998651839646,0
-0.3926284378223913,0.2785265510014053,0
-0.43562420616789727,0.19599262788479732,0
-0.43958561456329504,0.2975470596348555,0
-0.32738122703287775,0.30807744759709516,0
-0.37225940291879284,0.4016523918257259,0
-0.3947984763735905,0.23284812966122218,0
-0.34870431530307033,0.41437788220689153,0
-0.3667839227594792,0.3186568695818094,0
-0.4027845094753789,0.29335912541033354,0
-0.4544005912959068,0.3106926481841133,0
-0.36980216643348,0.2495616484345716,0
-0.35381889975627234,0.20587564021558358,0
-0.4270290776013753,0.27701279741147333,0
-0.4883421032932865,0.23478671651382732,0
-0.40491488028864697,0.20226761951287608,0
-0.5132918437599935,0.15014792789816178,0
-0.4525038099449722,0.260628588876906,0
-0.4030970783007071,0.18804235319499152,0
-0.4627532366428864,0.21028465379967837,0
-0.4517535475295582,0.3034180597257187,0
-0.5213971456318448,0.23635168337396675,0
-0.44560107140390803,0.3064295524509917,0
-0.3465336322297434,0.3141951953296961,0
-0.36089734159992376,0.34181240512513617,0
-0.40832891345285566,0.24884926478756575,0
-0.3714070053724803,0.2557653601764071,0
-0.2829565408755728,0.19777332122770108,0
-0.25388231755258234,0.23825070826462952,0
-0.3848981782377561,0.31654664523656656,0
-0.4243393449435431,0.3919590184069723,0
-0.4487647039406635,0.2868985256218405,0
-0.5314739796144404,0.27594198866805897,0
-0.5268537590830941,0.30139818106269967,0
-0.5140725816351479,0.36866685551635014,0
-0.5408502286401851,0.35011967618662404,0
-0.5400054420364285,0.2966591268041645,0
-0.6068559181433774,0.3511927186350998,0
-0.5950039369308379,0.30677018383620674,0
-0.663845420468108,0.3031552305639465,0
-0.7140487656018777,0.2901243725093543,0
-0.7191432362179859,0.19309922030401935,0
-0.7122149398712849,0.16845924401140092,0
-0.6274721305880806,0.17567900821659224,0
-0.718335101599467,0.16800161715286194,0
-0.7612589293413362,0.15857972919261917,0
-0.7914758528584874,0.190769103587544,0
-0.8025831108472987,0.1419838905068548,0
-0.6705594772285695,0.1064337160287237,0
-0.7743083781434226,0.15038058698982248,0
-0.7000495206111418,0.16957235299655654,0
-0.705776850372435,0.07477103931900832,0
-0.7470312322129166,0.2814515151190805,0
-0.6942882633081822,0.2032846377196729,0
-0.7759750732567416,0.24744634223768844,0
-0.68423726313051,0.27468012168016753,0
-0.7009653157434379,0.3107048931269422,0
-0.76500056546949,0.2419542798790308,0
-0.7295978892672519,0.2596190275887363,0
-0.7502452971419385,0.2687183597782617,0
-0.7367599187371403,0.22901011205478472,0
-0.6021646692322277,0.19473828576283292,0
-0.6167796943502541,0.16245554488086283,0
-0.5961481703866522,0.15842329991484866,0
-0.6211794200439609,0.1455591997125416,0
-0.6205490531523739,0.14903552787671792,0
-0.6195120917307285,0.16429990952331597,0
-0.6144174487744363,0.20356175643502375,0
-0.6526368005866595,0.12019636373169006,0
-0.7030654031894243,0.19278104501955828,0
-0.7892742789589526,0.2628437186788041,0
-0.7537486222369458,0.09361137794254323,0
-0.776052271333299,0.22294035685008093,0
-0.6895545752163589,0.28836610662616535,0
-0.7223159185787976,0.1615448311685784,0
-0.7111237059505037,0.18956809662640156,0
-0.607961126403149,0.2141454043764518,0
-0.6132858202344968,0.20597378900432928,0
-0.6194568955274116,0.237876376107356,0
-0.6229112702944285,0.18654665387576974,0
-0.544604209115772,0.22780519117357106,0
-0.5719448288460574,0.2095579676503169,0
-0.5926727305671939,0.1821270380923249,0
-0.527887647105137,0.0990658345934735,0
-0.623611130065725,0.22272183536236656,0
-0.5499185497054194,0.18295717839360495,0
-0.5258885295149055,0.10327588837489114,0
-0.597646774523503,0.10583739315839163,0
-0.5860697418936601,0.10944225410916995,0
-0.5849327241716743,0.10523510138617916,0
-0.6316760236021128,0.13601951325593464,0
-0.6465393716633058,0.19336639237145817,0
-0.6104306752107643,0.10271396835138993,0
-0.6171110745249444,0.15030905033600417,0
-0.6181268747148909,0.1835186229690067,0
-0.5599467215771445,0.2736405070913157,0
-0.6028678018575556,0.18334707624842322,0
-0.5405732341820778,0.2184902351622772,0
-0.6463439346383717,0.22166348630808216,0
-0.593016140917928,0.1516109986570514,0
-0.5704300531338944,0.26619920751202863,0
-0.6155066350248886,0.27168511867469347,0
-0.518857276788976,0.2535948519231307,0
-0.6367033716156494,0.25946750179987293,0
-0.5547080219627909,0.2662336824931958,0
-0.5204551011060009,0.2990062034967187,0
-0.48896379317721606,0.3408683252164537,0
-0.4885124749628767,0.448561549037643,0
-0.4363277222805655,0.44514889160402854,0
-0.45403567953019563,0.4713381887605961,0
-0.4961690660064282,0.4707025454391369,0
-0.5320864358392212,0.44654577186203254,0
-0.5564192154732117,0.49611598648767297,0
-0.5605601037100509,0.4431714545041082,0
-0.5464925030375781,0.46799777878965365,0
-0.5446422055858878,0.4346534518919267,0
-0.4455092977078864,0.5274695205212581,0
-0.47858396594244257,0.3626708202124035,0
-0.5261403911719194,0.33279494572590995,0
-0.43185156202871794,0.3687223126869161,0
-0.38876811007983464,0.4861272953111807,0
-0.42890079161964895,0.38465734316656125,0
-0.3714661808424264,0.3426397037010065,0
-0.40656731917573435,0.3032805314868015,0
-0.43824639726207915,0.22354082853350388,0
-0.43336565981853337,0.35233892658684773,0
-0.4337799806111307,0.2930665965286021,0
-0.44810880224306193,0.36505471403325196,0
-0.40408065716472086,0.40549597842718565,0
-0.3545036441438977,0.4086779017678205,0
-0.4947038662933439,0.4258057986855872,0
-0.4219402274297842,0.39847378887847695,0
-0.49194927770655117,0.3833800094315848,0
-0.5423389592265386,0.4185557607723833,0
-0.5480325175869123,0.3561855698904927,0
-0.5083708964958885,0.3429936129002887,0
-0.5449061992557974,0.37924929358246184,0
-0.627523483023374,0.37212752417902484,0
-0.6857290518927691,0.40286993632957924,0
-0.6475958855171778,0.41041285083909573,0
-0.5764917541293146,0.35184873880917716,0
-0.5210184361799355,0.27663292384777927,0
-0.5492339236287261,0.3029301543742626,0
-0.5671390152031183,0.4532721917356177,0
-0.6223031444805773,0.3959354105107348,0
-0.556132984478239,0.3742522350922924,0
-0.4364770774281454,0.4435927382917656,0
-0.5913189589923051,0.4535197937384937,0
-0.6311910536934467,0.40311435532154466,0
-0.6001112126456531,0.4260200718205945,0
-0.6071281724053295,0.4820994802504761,0
-0.5940065992367247,0.47322660475869965,0
-0.532860313751286,0.49162666140122685,0
-0.5462291553841196,0.4911318505600426,0
-0.553019956503091,0.5278003194733362,0
-0.5841295695601494,0.41225496605148365,0
-0.5913827038925803,0.5140854776998762,0
-0.6265926979198189,0.3977139555143402,0
-0.6684216455967057,0.40729274132938403,0
-0.6246981966964722,0.314247769064315,0
-0.5713867443835708,0.27093065783786174,0
-0.593236045130753,0.32748631846320886,0
-0.6115621380851956,0.22532933334681093,0
-0.5352038051375211,0.2572099720612878,0
-0.6289778315629199,0.36753638040798503,0
-0.43664298643023436,0.3554709838557601,0
-0.4537453895471848,0.3703264835727008,0
-0.40999523441829355,0.3781825246358296,0
-0.47706078898032533,0.433945241456462,0
-0.5314529560348146,0.37511120713367296,0
-0.46796949658318054,0.36634064101431996,0
-0.43904757141202705,0.30589572157317,0
-0.3816720971315999,0.3599711028040165,0
-0.4134068918298345,0.4532184345244601,0
-0.4774994355569898,0.47167288155828097,0
-0.5047765461744873,0.4238738115599169,0
-0.40756288653653105,0.3952245409730485,0
-0.4267669526765566,0.3414248641604709,0
-0.5176179903929117,0.42900431138737516,0
-0.479083426578201,0.4597281029936147,0
-0.5268604414416094,0.45145603874053825,0
-0.5861638113901164,0.39233249934825387,0
-0.49264983235847193,0.3603758186056534,0
-0.5439391648565476,0.3792780027394822,0
-0.5603515636755472,0.2878010640841272,0
-0.49642348142554105,0.3419126187308471,0
-0.49539911179740825,0.2687523053848055,0
-0.5078478864396904,0.3068842034493181,0
-0.44660269184072926,0.3005683487982335,0
-0.376889668644988,0.28655903997323584,0
-0.4000976470828084,0.28299163020694107,0
-0.37084955188844493,0.2415881889965975,0
-0.3403922960267053,0.23902051965492307,0
-0.3342323703630598,0.2709475289387613,0
-0.3660528333557473,0.244491248941331,0
-0.41363204040110485,0.34875712217960786,0
-0.4049693427394191,0.32784589328944486,0
-0.25420416176576427,0.3076068058741641,0
-0.3263215801490229,0.28758115090076064,0
-0.41797281129909203,0.23279079713897088,0
-0.3656931386736955,0.1412783933230056,0
-0.5007637708668091,0.2547006454754816,0
-0.4314372048109509,0.28665127301341414,0
-0.47634252961508816,0.22886199077230276,0
-0.5091892118587417,0.1771481745026665,0
-0.464646976499267,0.22311643762435196,0
-0.43351849393024755,0.24231664474515777,0
-0.3711861850281737,0.25430847211585766,0
-0.364479463881535,0.22760016996816926,0
-0.3820403418151225,0.1846177676019877,0
-0.35629535486019637,0.22452197859653913,0
-0.38153742560368903,0.2923622396131404,0
-0.2606976751993526,0.1982229669312755,0
-0.3132525699828894,0.35551794671230963,0
-0.3120946366554546,0.28775003730767684,0
-0.28262667029189936,0.3314029591476895,0
-0.3807086247473159,0.23278602850490582,0
-0.36689586052412065,0.2671028979464648,0
-0.3748829315372765,0.17570456379686103,0
-0.4026936287362654,0.2139477314285503,0
-0.39408538172508273,0.2438929996208377,0
-0.3491145488210453,0.27094947969511496,0
-0.40854030878072917,0.2312649956070852,0
-0.30781410190026676,0.27359699665310333,0
-0.28129916143944134,0.20339881259393144,0
-0.3773749831266467,0.1424032679681413,0
-0.3490779270418325,0.13564735255802873,0
-0.2535364045420211,0.06365849396057503,0
-0.24158983600763229,0.04439345671292445,0
-0.2704996957187513,0.08641937117926353,0
-0.3314939998859963,0.058756740923218496,0
-0.28737388120016566,0.04170138834780068,0
-0.26153470090787645,0.03377321043493335,0
-0.3655422642558121,0.038706128140768396,0
-0.37602436483559776,0.07027626915291067,0
-0.31318565428142137,0.19387641762584062,0
-0.34944781060347735,0.03668857287469113,0
-0.4270934147387325,0.04735956235695073,0
-0.41221929316673106,0.05745723222106372,0
-0.47235749000941823,0.16431971601914602,0
-0.41074637731108976,0.2167888829392725,0
-0.386600238667228,0.11976927475716528,0
-0.40344124483336335,0.12564149649034756,0
-0.45425183713742534,0.05717821753186236,0
-0.3886277747569485,0.19272368605304052,0
-0.3309469231901179,0.09587644765012848,0
-0.3978051852353788,0.12551380006013868,0
-0.3072759764897146,0.13086772174694006,0
-0.3224254835432178,0.06331163297903838,0
-0.3032853742176929,0.10443536033446714,0
-0.2722952250795073,0.17485135066447438,0
-0.282813193893963,0.20209942787114532,0
-0.279086538309691,0.12383057178475856,0
-0.13171502258963716,0.22473805366875346,0
-0.27092141150075805,0.1342569670674301,0
-0.23729755723259865,0.1363587562326149,0
-0.2974836529537618,0.09374061668526193,0
-0.24676179924840047,0.11993219616589665,0
-0.30230553970964513,0.11320032815575268,0
-0.27563836680323417,0.10386560248982493,0
-0.30373201178655845,0.04073401327800405,0
-0.24157209761018641,0.15506676099509195,0
-0.27191436364748195,0.1363732494044464,0
-0.31465065177317664,0.14911738341824138,0
-0.31420081877623923,0.1286380579270871,0
-0.3073591839536568,0.08275559283421435,0
-0.38196091925189407,0.1242728047717653,0
-0.33601306420163546,0.11164969647615522,0
-0.42516082718355086,0.23080171149592005,0
-0.5117541268551357,0.16583557889898876,0
-0.4175331538880833,0.10621388738474152,0
-0.5490831078625297,0.08446784216418537,0
-0.5527197455874622,0.18680772866483522,0
-0.4751776154543781,0.09313332376135766,0
-0.4913604810170284,0.06687593187667187,0
-0.4229815622077404,0.11512576406212603,0
-0.4684097375215279,0.05927638271863165,0
-0.40056179992490604,0.06582321204709597,0
-0.4131968619330897,0.1421749640426822,0
-0.4433651482844779,0.09019432969361299,0
-0.43451444008311013,0.14149791202684325,0
-0.37981772618404863,0.15221344347197788,0
-0.4203650857619776,0.028944179004147988,0
-0.2991957352076817,0.0438174476028966,0
-0.3683086051599578,0.021499601428265364,0
-0.3218674774416057,0.1094985911665987,0
-0.36119353980402036,0.18156761450771972,0
-0.299628040267319,0.10983461573659949,0
-0.2381061342053464,0.13499269912110373,0
-0.27513143466017254,0.20782086114017007,0
-0.3675798609080503,0.22071959244436606,0
-0.32244962800699123,0.16614552332187982,0
-0.3853925105751512,0.27570030519553296,0
-0.418287814445363,0.19667720423814092,0
-0.40758358217050783,0.21684026276338125,0
-0.5364018506078552,0.2426003336852129,0
-0.503258104887201,0.20459429186363845,0
-0.41924078878508236,0.2477726368676078,0
-0.47324710338114406,0.23861355637662035,0
-0.43662671293823985,0.24127596548659425,0
-0.3575488670815563,0.254504851638859,0
-0.3429977843820867,0.22162254462602432,0
-0.36936190943895153,0.2559380258259106,0
-0.44277283161674574,0.25955004103589385,0
-0.46566819518192903,0.23000624531927122,0
-0.53251772636381,0.22850424363823102,0
-0.5796839079654089,0.2628871077768135,0
-0.4972676896459666,0.2488968036261824,0
-0.4708900571902659,0.3029639608116051,0
-0.4708035771548237,0.17818104482178812,0
-0.3981511037018133,0.11529589968820844,0
-0.4116082272207114,0.198104958107892,0
-0.44877048861043933,0.17373974977836715,0
-0.39930189338842115,0.11423529977478639,0
-0.4117584054501769,0.28932567140236976,0
-0.3906480398811182,0.18820608712178233,0
-0.4227927021937669,0.1848729421949056,0
-0.4249013930039865,0.26977312012069454,0
-0.3141185874828578,0.18571802016400143,0
-0.4074140477817157,0.2149026249074235,0
-0.43541091897328527,0.24034111106309414,0
-0.4665506808369074,0.3134886651947528,0
-0.510249144042873,0.1967382064121047,0
-0.5554522569259537,0.19766036747344398,0
-0.544435669938596,0.16201681155410283,0
-0.5125731005037747,0.14609643290655572,0
-0.5544002645397631,0.1623770771060263,0
-0.5480476633078334,0.22577315742899406,0
-0.6256372166242037,0.19809823592098783,0
-0.45509264458088905,0.19461774290628714,0
-0.44631123518092514,0.17226843710110928,0
-0.4949172176556881,0.039705514984635065,0
-0.5208754722316131,0.0975902203879116,0
-0.5310282871683343,0.30855600419964,0
-0.6227205019419806,0.3036662127964111,0
-0.5774967244998986,0.22708270462502048,0
-0.552901463007558,0.3016454391105558,0
-0.5296897698550858,0.32797303685024004,0
-0.5418754315698766,0.32379339880304564,0
-0.6362952742014228,0.3342555770561709,0
-0.5215422990501049,0.3677766899863757,0
-0.5077144225446585,0.3396081426332264,0
-0.4807114853062042,0.3079688588270568,0
-0.5369518750016681,0.3521801284799752,0
-0.552132420483205,0.3437721693929129,0
-0.4532470160128394,0.35907280166147837,0
-0.42474525936076835,0.33826649178624113,0
-0.46399209169276023,0.31559514434169866,0
-0.5405321686857245,0.3515726267491228,0
-0.42619904936064607,0.2761863770203301,0
-0.5078915111934983,0.2706696070764192,0
-0.4659225230499657,0.3262307009705177,0
-0.46336957855178945,0.2755378654614363,0
-0.5168135246081186,0.28921047589731186,0
-0.5050530001973139,0.26009243525444675,0
-0.5134721705499229,0.24985966520772082,0
-0.4807732153857168,0.21002600541359312,0
-0.5111506508058764,0.15652001862057358,0
-0.4792312133311285,0.2687087293643337,0
-0.5296027939667535,0.22438092164430265,0
-0.5672733297609859,0.22751956888084535,0
-0.5432173299577767,0.12128665854411029,0
-0.43083070732096673,0.1898907018986692,0
-0.3548317598544689,0.15626138992171063,0
-0.39519477633838673,0.15330807599408902,0
-0.4708647320314023,0.16779371793247397,0
-0.4574805338533437,0.14707708267090397,0
-0.4693133042888204,0.29124246776032175,0
-0.5080336194885227,0.22369035172127147,0
-0.5777347913563353,0.1265215500685681,0
-0.41987635983048605,0.1473726938575641,0
-0.4122147158893492,0.24432754645437704,0
-0.4304700151547274,0.20042819993869332,0
-0.4441790261249361,0.14695124491764514,0
-0.43282513721779586,0.07268230344875569,0
-0.457714182760992,0.11129609306309218,0
-0.3966053079253109,0.2161282506347435,0
-0.41736426284392314,0.19595914069141082,0
-0.4965411893285041,0.10969486388974369,0
-0.3956391447404922,0.1401031834202826,0
-0.4747608858432965,0.11929251785084219,0
-0.5069298917788411,0.19531062925228465,0
-0.5520897717184015,0.08874626274526369,0
-0.50335242618047,0.16423011168148466,0
-0.4770065160948199,0.12527212276140287,0
-0.5401862331320655,0.08125769262097332,0
-0.5358874020798943,0.1442539712184413,0
-0.5334070471319142,0.14806060839986565,0
-0.5500811900280859,0.13105506984644127,0
-0.45421377785659955,0.14094044753889062,0
-0.4021163002212488,0.1052902046793057,0
-0.3679365141782925,0.13847831986036563,0
-0.41151717025442175,0.1115897270979018,0
-0.42614088294425156,0.1716896400006899,0
-0.4818400703699637,0.15889888130234567,0
-0.46858766945218705,0.2319092671437411,0
-0.5082715333531942,0.2357754862436453,0
-0.47583276877429354,0.146399208227381,0
-0.4771612994998814,0.16494134517956316,0
-0.551641497053851,0.20367556555206653,0
-0.40645513123885246,0.17553856254463696,0
-0.46736342018501015,0.19905628776191997,0
-0.3766355211247135,0.20024769081186639,0
-0.49190676567405967,0.17360315825848227,0
-0.4844159663357399,0.14741382189217497,0
-0.4169583040134852,0.22900715888085715,0
-0.4628647710421091,0.18691988683612293,0
-0.417495459771978,0.1901068147739023,0
-0.3984898092272153,0.18502123630035958,0
-0.4357503830939588,0.21305602355086323,0
-0.49246215084538925,0.28656693902658814,0
-0.4440337305481578,0.23485611736353024,0
-0.5239024824780585,0.18116157025068746,0
-0.5299448575665782,0.32881144818747365,0
-0.5127869651306753,0.20087884704271186,0
-0.5579683617164551,0.21248190648005746,0
-0.5539103912721274,0.18420574697761694,0
-0.48645604656611124,0.36618986526641695,0
-0.4938245990162693,0.2822472680039796,0
-0.46610780867358503,0.2481831364926064,0
-0.36207067150222355,0.27937276251967746,0
-0.4512223370226719,0.3126633542412041,0
-0.4458582524578578,0.41042403108222736,0
-0.4978123974168418,0.32517103546299186,0
-0.44281564483662045,0.3318979535318306,0
-0.37588700336062064,0.40227309245110277,0
-0.2870275564052429,0.2879139718120862,0
-0.26690965555317425,0.34480183325062275,0
-0.38294239979227196,0.3464616142883582,0
-0.36430425702139496,0.3420278657755242,0
-0.3417570792087613,0.3211375173637451,0
-0.35869082040113104,0.3223484730412288,0
-0.3951991899238426,0.3134929864950557,0
-0.5069175286111781,0.31799677272290744,0
-0.47670906447415196,0.3044612275332328,0
-0.41878777302090886,0.3704947498886355,0
-0.4111431299008805,0.3982976445644804,0
-0.5059213088943121,0.32672542068029037,0
-0.41049001883919756,0.43983502014689985,0
-0.46289572631043985,0.44667356671583425,0
-0.43967633174186843,0.5001296797681721,0
-0.5502396380327071,0.47330613603100746,0
-0.5195040165226888,0.3643451130158373,0
-0.5118542087147282,0.39245208329102843,0
-0.42902093061866575,0.34090261645103237,0
-0.4767055030453714,0.34254313629562716,0
-0.5354817811276842,0.4337955907024391,0
-0.5603804642614424,0.3408751234892182,0
-0.5003045328518281,0.3007900373075726,0
-0.5313079137951955,0.19956034754622837,0
-0.46726495199741547,0.2262272274683282,0
-0.46683940249435363,0.3094646485837943,0
-0.5912533674961377,0.41131787753126514,0
-0.515968038970417,0.30489824584347885,0
-0.48687097804333507,0.3875911931280166,0
-0.40850857558932646,0.36536206743385174,0
-0.42274348356705804,0.3353138444908902,0
-0.48901047522173735,0.3455959298446343,0
-0.47245089699812337,0.332859372893931,0
-0.46618404435153177,0.4139273290570613,0
-0.4852640740767845,0.3648231744196835,0
-0.42946786890133504,0.26850939995758294,0
-0.37370365511387027,0.2884966463232348,0
-0.3531679164333095,0.20627066092805574,0
-0.407942230589306,0.2220170855526232,0
-0.41571647546809326,0.14779822839143952,0
-0.4642910132108657,0.2568785452344244,0
-0.45845401049941586,0.27814798817456177,0
-0.3528539793086526,0.23531422793668033,0
-0.31402011515147965,0.2481914086861583,0
-0.27884371934217766,0.2014484712383674,0
-0.23908360340936108,0.21928289426866324,0
-0.2859733971702284,0.2955040529764223,0
-0.3595707275529074,0.2121592094648279,0
-0.36275779124904517,0.23156333913863952,0
-0.2955703429378273,0.23981862146624675,0
-0.34736151068831816,0.22762280605442486,0
-0.3748395107017093,0.25446124113195756,0
-0.2610359130956094,0.27875648616705884,0
-0.23882039942329378,0.19226668254435256,0
-0.23071406757388915,0.2831522287646884,0
-0.25052844444169736,0.3231134221073132,0
-0.22898489987448034,0.26900827882001593,0
-0.34859167359152154,0.2888223234447973,0
-0.2724720097020328,0.23466406316547375,0
-0.34066464479962955,0.3082242901101004,0
-0.3879370354531048,0.2920178980326526,0
-0.4492146675117651,0.28444941698781345,0
-0.3424999945882048,0.25730594614110086,0
-0.393028690518102,0.24683102209454633,0
-0.39663849241051163,0.3130988497747846,0
-0.2936928185288581,0.2861595800716798,0
-0.3885521669093258,0.2834514712255015,0
-0.39669288898237437,0.2572291372366675,0
-0.36993132928980993,0.2429238101496853,0
-0.36516021488728545,0.2551465204049523,0
-0.4326466169783875,0.2914803195210513,0
-0.4506627444069433,0.2985909168497849,0
-0.31837789041191134,0.32242688552754606,0
-0.3067432014310873,0.29136600996894146,0
-0.2953364645164497,0.32240062057893953,0
-0.36479703263798147,0.23716399034889507,0
-0.3948390486100739,0.29796308571895513,0
-0.36000896708060437,0.24465138822348365,0
-0.35598862227528083,0.29334394502060673,0
-0.32477778876644603,0.3660329255530841,0
-0.26872350470033035,0.272938573995666,0
-0.3219667777217418,0.2736839208760243,0
-0.27622532719575643,0.28953353087736755,0
-0.3549455787677327,0.3334600038258668,0
-0.2632860687602079,0.4364727180980519,0
-0.3182033758470204,0.35972798240077825,0
-0.3104883370718142,0.49075197135493664,0
-0.2500298579303047,0.3427564787057852,0
-0.30750596523799123,0.31013770808659213,0
-0.2998049397834656,0.38456831908434463,0
-0.2642323935065361,0.32460070089155646,0
-0.21265637387489647,0.3075206098946516,0
-0.2873864575457784,0.22366930166676025,0
-0.2846407860298238,0.2839432045428682,0
-0.29874852278304315,0.31838144990999667,0
-0.19761175517169505,0.25812311465281457,0
-0.3134706841813301,0.3339199959922258,0
-0.316416729735769,0.35976644923322293,0
-0.35490583025446354,0.4402729202185802,0
-0.3324112291849743,0.4110375310802732,0
-0.48458695802480706,0.2899265532895603,0
-0.4076408763713978,0.31311929357212626,0
-0.4585328820834124,0.4114512870465258,0
-0.40671369454068335,0.39802244168819667,0
-0.47509679062921145,0.3638752274285089,0
-0.38666760600658723,0.36906941774635116,0
-0.47994447610317426,0.39067761276145513,0
-0.4419364767114629,0.3513215955196132,0
-0.4369690905377944,0.43691434698381104,0
-0.3553577109661315,0.35527774605576096,0
-0.3246056864816694,0.3313249875816783,0
-0.3737951093938592,0.40990193346575066,0
-0.44672963202926713,0.45197053775826584,0
-0.3361556025199183,0.5065356887397935,0
-0.4156042085343791,0.47758596721819946,0
-0.4286055327530751,0.557881895932598,0
-0.39733068027781415,0.534912364101298,0
-0.4413203761901268,0.49791749677617186,0
-0.41069719537141763,0.4014179335946663,0
-0.3675290733994041,0.3768633019990883,0
-0.35861058590364053,0.40000879456348715,0
-0.361943138704599,0.3794563133813645,0
-0.39619348037095825,0.3980319109655858,0
-0.43103126875611414,0.43502589844884565,0
-0.4046688783479648,0.35253561727699273,0
-0.5394338909359133,0.5101012956842284,0
-0.5036703067957106,0.4968230627541133,0
-0.4715763187266723,0.4913436043414368,0
