locus_radius:0.01,nuclear_radius:1.0,bound_zone_thickness:0.18350341907227397,bound_to_bound:0,unbound_to_bound:0,
URA3_FLE_BINDING_COLLISIONrestep
X,Y,is_bound
-0.4121835843872539,-0.8153886749357977,0
-0.44295613975869735,-0.856218412344254,0
-0.3309456500593938,-0.8874108299801589,0
-0.24502284201853333,-0.7688055622285612,0
-0.3024319652761277,-0.7501020912332194,0
-0.34547850389218987,-0.8136516593349771,0
-0.2631222176143836,-0.8565444639197541,0
-0.31543235578941814,-0.7945997662154008,0
-0.3822456947333008,-0.7159894691600687,0
-0.322127936510072,-0.7843029090189927,0
-0.3045346355734149,-0.8215238643078958,0
-0.2913445672914388,-0.8420203695751755,0
-0.3741824031719184,-0.8396161004248842,0
-0.288028503705365,-0.9267972948025787,0
-0.310316674490015,-0.9106015614944806,0
-0.32152281959590046,-0.7597965348370412,0
-0.22655526458245512,-0.6916636447716692,0
-0.26102749355171184,-0.6616501643760033,0
-0.25165159850361435,-0.6825824668890792,0
-0.26078371595543104,-0.6760422374077893,0
-0.21797916683950236,-0.7317482088708758,0
-0.2464081621929865,-0.6948240424804712,0
-0.19800797198082068,-0.6769896344351554,0
-0.3064410753307557,-0.7506612639504862,0
-0.2701985635240664,-0.8057131626958818,0
-0.3650150895172013,-0.789539760378321,0
-0.21670854288012528,-0.7833177682731274,0
-0.1954518975129496,-0.7220763901971561,0
-0.2047757311052729,-0.8531513355000026,0
-0.16701340044879093,-0.7804693752273184,0
-0.20804461510201014,-0.7447315290393023,0
-0.21523237368628761,-0.7648634640840047,0
-0.1965776807408209,-0.6712455241669593,0
-0.2062810282991939,-0.6330606256850223,0
-0.19680627464811146,-0.6619273042626741,0
-0.18452751508081472,-0.5924785246402671,0
-0.2070052365008741,-0.6297932410997209,0
-0.1341652412354704,-0.7205534538230381,0
-0.22311648964184802,-0.7212081383806668,0
-0.1758509404199672,-0.8286904893431621,0
-0.2154806345737302,-0.7251400827420872,0
-0.1750893551826017,-0.7850720034341933,0
-0.2793800073534759,-0.6932709677932077,0
-0.24887306020997166,-0.759135911141047,0
-0.22061252297254239,-0.7614969277635573,0
-0.2936600582296046,-0.8127743735029129,0
-0.2577340967348487,-0.7235312315919541,0
-0.29804663192518166,-0.7274319685758436,0
-0.2977517764986319,-0.7010942141737466,0
-0.33033017023679945,-0.6361055316380766,0
-0.3525727140947832,-0.6027451313639417,0
-0.3724205615886182,-0.6315939334860382,0
-0.3098877537408049,-0.5620030973386382,0
-0.3519643499239744,-0.5542782970222885,0
-0.4035401881258986,-0.6535946660847144,0
-0.26990212906742805,-0.6119906427095723,0
-0.28273529690646965,-0.5760609722649539,0
-0.21989229834360563,-0.6945882587806739,0
-0.2595275365160495,-0.7317511233543871,0
-0.3124677330368427,-0.6837458665227244,0
-0.26864282707526094,-0.6629812822781784,0
-0.3148936069651355,-0.6844467527601554,0
-0.31370147699873396,-0.7029309772440554,0
-0.3671611661024279,-0.7843091976392651,0
-0.371292380275516,-0.813852666355162,0
-0.35236203760248863,-0.8724826305199076,0
-0.4068008664614913,-0.8173105083255072,0
-0.38505818324719393,-0.8116976897884775,0
-0.35308965022447303,-0.7746094345056759,0
-0.3532808689346544,-0.82852503883738,0
-0.40775113230166005,-0.6870563863245752,0
-0.2799486360542701,-0.7327832533095973,0
-0.24169985793295384,-0.7117491161352236,0
-0.16644175426902008,-0.7150222535299798,0
-0.18854005990914038,-0.6937289076600153,0
-0.1591885179838175,-0.7157989876294287,0
-0.13396797701654384,-0.7456158891300869,0
-0.10939504702603864,-0.8025181159250714,0
-0.3469395682247245,-0.7819798573839898,0
-0.34697873992805567,-0.7400340598400819,0
-0.37946497096073645,-0.7274577344744534,0
-0.3144014027822978,-0.6996424075025363,0
-0.23423416761033475,-0.8177305089219058,0
-0.20074098727428485,-0.8121857416179186,0
-0.22049907947737662,-0.7315755609802415,0
-0.2655026677605574,-0.6601935538368238,0
-0.2712664976100152,-0.7417048274209886,0
-0.26110712665371305,-0.7630886601226815,0
-0.18886965387711852,-0.8248845819810783,0
-0.17200564167251092,-0.7004596210927201,0
-0.16583060108825606,-0.8035681626713856,0
-0.23248333429273957,-0.8103139391008108,0
-0.2066039953757976,-0.7233559501869266,0
-0.1423080915184674,-0.7025371389959888,0
-0.20572872649889778,-0.706498190433367,0
-0.25959909946425463,-0.7203344019419599,0
-0.21100043144891908,-0.7162084781491643,0
-0.17421630410622752,-0.7331169733469206,0
-0.13176180236410612,-0.8796998753381535,0
-0.20739547605367786,-0.6795904118470465,0
-0.2675801230510366,-0.8124124124027401,0
-0.16673810575295556,-0.8731036318378842,0
-0.23793969571724644,-0.8879579547896059,0
-0.15836016770497502,-0.8246085841527229,0
-0.1940147724109767,-0.751425612258004,0
-0.24588839712493094,-0.7601420462183299,0
-0.24333606724216592,-0.7513795066946768,0
-0.16841905628390308,-0.7134979182867176,0
-0.21619265584859082,-0.7955383641978634,0
-0.22997111184367738,-0.7117414074395497,0
-0.2766868361899099,-0.7817887549907112,0
-0.27720984134467386,-0.7451818094951155,0
-0.20670183470338271,-0.7825789262324895,0
-0.2681242802981073,-0.8092880973084712,0
-0.283895503922028,-0.6937802042851641,0
-0.2539403757520704,-0.7370512962490883,0
-0.29856935578154176,-0.6749946879645382,0
-0.299490919440183,-0.5940784039543441,0
-0.3224135282365934,-0.6956735780641631,0
-0.3204317535940446,-0.6960329051154616,0
-0.243521907163662,-0.7915165054805929,0
-0.2697945235533512,-0.7396205812281553,0
-0.2869114300131697,-0.8031714892200561,0
-0.18525111459886417,-0.7889370304000091,0
-0.23913966397583228,-0.7551089740525131,0
-0.2994727177769745,-0.7600654314984187,0
-0.25667648391527303,-0.8446384629123433,0
-0.26758497169449136,-0.7378120313340029,0
-0.2755619631301101,-0.7697966298399269,0
-0.3242729755224932,-0.7223719301788758,0
-0.29076790498552596,-0.7733450891049719,0
-0.31532762993312013,-0.7884070438269668,0
-0.4131336018316361,-0.7791117346700317,0
-0.49438411976079955,-0.8126938723273802,0
-0.4192659506413315,-0.7390446120337983,0
-0.3849360190518912,-0.7202144938155387,0
-0.35919440474758213,-0.7456768062576752,0
-0.35733570516153856,-0.6785806680296218,0
-0.3565816708674243,-0.621226386443358,0
-0.5064128741380782,-0.6808941359245526,0
-0.49929197405147363,-0.7004458525960384,0
-0.4385332559097738,-0.659391619985996,0
-0.373184411347696,-0.6102952353692791,0
-0.3830384722423396,-0.6413864249372574,0
-0.3958259491705467,-0.6037777262386956,0
-0.37391521986857895,-0.6326463538695816,0
-0.3675873182878849,-0.5501670028632887,0
-0.3460051421828166,-0.6383208078937515,0
-0.3818648683406389,-0.7001100683319728,0
-0.33994505479519066,-0.7644563056749576,0
-0.31338793156322736,-0.652233628417013,0
-0.2400636012771138,-0.6607811216055012,0
-0.34015546283692205,-0.7727412187535353,0
-0.2995586867286105,-0.718672439443569,0
-0.37244476799600157,-0.7250972325811238,0
-0.38571994148144734,-0.7155458460209076,0
-0.41322020768675,-0.6567126869090978,0
-0.35579020692549185,-0.7104932964755093,0
-0.347345843011451,-0.7466344895025809,0
-0.2845053687334356,-0.7402869336275528,0
-0.3284344212272406,-0.8070310781757318,0
-0.3660682848550702,-0.8419503112068639,0
-0.31135799808047915,-0.8235995727514336,0
-0.29286903710469775,-0.7671680967957826,0
-0.2565362485908111,-0.7789233623782068,0
-0.276724952863235,-0.7723531371906022,0
-0.25937375208728336,-0.7794719441717682,0
-0.3422770334706614,-0.8232342395046169,0
-0.29441678509054775,-0.7818672519785206,0
-0.39187216421265625,-0.7564902009335817,0
-0.2751357868829294,-0.7945937598090634,0
-0.31762394009823297,-0.6295510388001057,0
-0.3714470748509734,-0.6807937049700189,0
-0.39569242398486226,-0.7754436866010432,0
-0.3593938785701777,-0.767096180014903,0
-0.39400420011085846,-0.7574118494834658,0
-0.3599934262582781,-0.7560613487613189,0
-0.4556496243257635,-0.7762669999750158,0
-0.48966555827334746,-0.7698325894198214,0
-0.4579294345907906,-0.7965367517956109,0
-0.4196955188829186,-0.829329987455037,0
-0.4006853698647934,-0.7509535687365985,0
-0.5197302112013324,-0.7157306091827484,0
-0.48352363101490414,-0.7468947205576506,0
-0.5111279227532448,-0.6696202019147243,0
-0.4572636334172531,-0.7224199308270493,0
-0.4595614733567362,-0.590308012411868,0
-0.5799523146001859,-0.7852327741592457,0
-0.5484222112268864,-0.755542225975376,0
-0.5588815275978457,-0.6261789136446911,0
-0.5961718366795896,-0.6954205456320265,0
-0.5050366742796539,-0.7392354158307807,0
-0.6168976145240943,-0.7084563254898578,0
-0.5642038639222964,-0.6874354525424277,0
-0.5533265715615332,-0.6535491679681023,0
-0.46868654725016556,-0.70230165010986,0
-0.5611164514624696,-0.6425459181141053,0
-0.507908905335883,-0.6420901295208454,0
-0.5572156530395173,-0.7399352489666686,0
-0.5462349056196877,-0.7043138614173494,0
-0.5058615616968175,-0.7556172030010484,0
-0.5804209844363662,-0.693820353192969,0
-0.5338760260450803,-0.6886340056113083,0
-0.5385437121969936,-0.6274587270449028,0
-0.5684316118957015,-0.4883805727633491,0
-0.5625267798678354,-0.5720204668270813,0
-0.5013843418706113,-0.6222983945018936,0
-0.5962391216506163,-0.6378366566946192,0
-0.5994214509697029,-0.7242550868888827,0
-0.5930926082607146,-0.716031683597586,0
-0.5205243693003997,-0.7011257667806455,0
-0.5589538146913657,-0.7170313186241413,0
-0.594748314072031,-0.5908970957299186,0
-0.6095403057480032,-0.6295007771269081,0
-0.599112173040198,-0.5650739963649771,0
-0.6190382130973192,-0.574625704828355,0
-0.6038810351050127,-0.6140005075706038,0
-0.5472973004812349,-0.5033057413685691,0
-0.5297940635355218,-0.5638487260261689,0
-0.4838204005402626,-0.512895504720808,0
-0.4929635609387815,-0.5571741857734921,0
-0.5027431090921309,-0.5117259893290347,0
-0.5765533496536305,-0.45920909027561946,0
-0.4977599633896126,-0.4686406973969584,0
-0.4711078383758982,-0.5527074329310698,0
-0.46651196133056533,-0.5056000268763626,0
-0.4237879594382528,-0.4452607871427951,0
-0.44396859455901494,-0.5009910027253536,0
-0.4011664656167803,-0.4427021505475372,0
-0.42889379653637183,-0.561793582933037,0
-0.4280447007926475,-0.5823060060949927,0
-0.45544057212550504,-0.5768018785091698,0
-0.48303951153752533,-0.5504769450688289,0
-0.5276723029444285,-0.5108149004062552,0
-0.4345203578502215,-0.4740911630895382,0
-0.43265776417935353,-0.53710872875991,0
-0.3689473572323858,-0.5204536409145294,0
-0.40611212025983146,-0.45905546143567183,0
-0.43344894670556217,-0.45097659703304344,0
-0.44961120386046405,-0.5060688724269112,0
-0.43762728127027095,-0.43726916264690696,0
-0.45443317157957264,-0.45895285490108956,0
-0.3604266185835957,-0.48105304594788634,0
-0.41546828884675463,-0.4960625510068001,0
-0.3581224586530489,-0.457125727655086,0
-0.3899527560942607,-0.4222869100936759,0
-0.3876381502337945,-0.459111857436784,0
-0.41297457303285134,-0.5786198678716039,0
-0.4002018528592073,-0.599292434633984,0
-0.5030842821882826,-0.5426298619148874,0
-0.39045405364505886,-0.5583470501077081,0
-0.39533181749852964,-0.5365036525659809,0
-0.28762684113768683,-0.5716472368042104,0
-0.30734349479645745,-0.5517395644505388,0
-0.34685392478112576,-0.45966229027150596,0
-0.31255772930508496,-0.556062628658076,0
-0.2576778298437406,-0.5746260037692722,0
-0.2434358895074514,-0.4977174586820353,0
-0.41225130458474935,-0.5238173474482885,0
-0.32660446518705133,-0.6009000676130983,0
-0.2333664760924588,-0.48511443149279315,0
-0.26441804149266485,-0.5584562580518911,0
-0.31350180222001595,-0.6185736427470346,0
-0.2572425428155211,-0.5977257944163292,0
-0.37799092891213587,-0.607824275539653,0
-0.3480600064064021,-0.6966863060372587,0
-0.4725334470793838,-0.6882849999236945,0
-0.33162211004024156,-0.6561095051036868,0
-0.27892075006406086,-0.6178416605412493,0
-0.35337597774770346,-0.6218562720948544,0
-0.3929883415131353,-0.6276653650468842,0
-0.28633513103271097,-0.6437147029750676,0
-0.41797600336170626,-0.630771192663904,0
-0.4339365614235666,-0.5322485092403906,0
-0.4688316198005575,-0.482608559529482,0
-0.391846359643105,-0.5700844366552387,0
-0.5241204779259264,-0.5886701027757657,0
-0.35026786376596186,-0.5602905058225606,0
-0.3377596422511491,-0.5792011580252361,0
-0.31384231452364947,-0.607812863617257,0
-0.29507839266732516,-0.6235807905154969,0
-0.362870554020702,-0.5813574196073434,0
-0.4114226128124377,-0.5668061297587189,0
-0.36181562579973514,-0.6777723190877785,0
-0.4652909456459339,-0.7027668936996216,0
-0.45431423435487883,-0.6915672124386086,0
-0.5723728671949071,-0.7292694292777191,0
-0.5856274082182862,-0.7215801636546009,0
-0.5322316807385225,-0.7327258783762267,0
-0.4731842419687449,-0.7066592565890466,0
-0.34911958797540793,-0.6344268366319538,0
-0.37553466896529225,-0.7140533296953115,0
-0.45996733427916103,-0.7015039409060301,0
-0.44001697328081546,-0.6518933463562896,0
-0.462538650522956,-0.5937058641644606,0
-0.5508096241114138,-0.6744621946525128,0
-0.44573828745905164,-0.6373696238535721,0
-0.36716139814560766,-0.5824392282962187,0
-0.44571442011713414,-0.61962774478666,0
-0.46182129843926994,-0.5765071637027683,0
-0.4595753744653457,-0.5189294342483529,0
-0.4052311406821528,-0.5496000512422359,0
-0.45471844227269115,-0.4766451551764985,0
-0.5168297982712031,-0.4750720069628916,0
-0.48983330479022874,-0.5334098348164333,0
-0.6136899807997357,-0.5694418897164397,0
-0.581416373288783,-0.5594087112376771,0
-0.5720373282119972,-0.48906099238562356,0
-0.585804430710772,-0.5140434354218815,0
-0.5880996476900483,-0.45299365779301765,0
-0.5804566037381288,-0.5721772324985233,0
-0.6101113215542101,-0.6103189631298802,0
-0.7077730436373528,-0.5857925654985905,0
-0.7309462553991928,-0.5164534757617084,0
-0.7544797440833149,-0.4783178724289894,0
-0.6747537947915284,-0.5171872349522284,0
-0.7479813933415067,-0.5553722288770985,0
-0.6475441937522946,-0.5010574111229591,0
-0.6445658699542579,-0.4542071059396234,0
-0.6269167037088123,-0.5142318373462103,0
-0.6545304856280525,-0.3976943641640311,0
-0.5380372903623633,-0.42331452701221217,0
-0.5826656035409851,-0.4420899776731568,0
-0.5661245074238928,-0.43391719965096837,0
-0.5628508976309777,-0.38506585331646587,0
-0.5102915515304123,-0.44262497098972353,0
-0.5620657584257579,-0.4264320800898877,0
-0.7051428645286408,-0.383797533540203,0
-0.6033039621378253,-0.4306180070486724,0
-0.6686797809098354,-0.48109321165069896,0
-0.6953754744024556,-0.4520066383897521,0
-0.6363928223192961,-0.3781051245149465,0
-0.7439876133599708,-0.4935358091431693,0
-0.7376784950208504,-0.5730509478374004,0
-0.6887727599847133,-0.4915134859779558,0
-0.6183491650691524,-0.4618462536815807,0
-0.6096030314497478,-0.350402807603642,0
-0.6371854333748361,-0.35755977004675976,0
-0.6174134105990147,-0.4260508105707868,0
-0.6890698932768953,-0.4017798830908662,0
-0.6489996254675222,-0.4075833277634875,0
-0.5985658137501139,-0.4892845374703418,0
-0.5497594387621982,-0.45740808340123235,0
-0.5187495894017413,-0.4622220012993154,0
-0.5286035953547986,-0.41697409931092494,0
-0.6594546089222059,-0.47240626670181673,0
-0.6806656846515,-0.42770150430638737,0
-0.6907673217719479,-0.4583199480943582,0
-0.647505389765999,-0.5360884621931492,0
-0.6056653164568544,-0.5899214376111814,0
-0.5362422947317412,-0.5861162203297827,0
-0.6311481071741163,-0.5434137829448742,0
-0.6629722199981596,-0.5013870592089271,0
-0.47797932527468767,-0.48568190301321057,0
-0.5278232360518741,-0.46339068913008274,0
-0.5419982103548211,-0.5813073836725435,0
-0.5682658214238163,-0.5791843721366303,0
-0.5825416934686748,-0.5521960409549244,0
-0.5577501538200592,-0.4916588536975425,0
-0.5318344352976849,-0.5363624693262687,0
-0.5351368810683678,-0.5964721303249116,0
-0.5615969511076552,-0.5599367516524759,0
-0.5602308629136549,-0.6253122081635443,0
-0.5316158307792378,-0.6308967995346919,0
-0.5274637032655821,-0.5226360549384788,0
-0.6689854601392773,-0.5828328932545934,0
-0.49874708009763347,-0.5133958017358906,0
-0.6140686285338369,-0.5979326257394776,0
-0.5396976311273117,-0.6150840641407772,0
-0.5668344869295724,-0.5743674091791918,0
-0.6612564346435637,-0.5953131785713662,0
-0.6819415211867778,-0.6240717508700238,0
-0.5964820788837359,-0.7082184192863417,0
-0.5346380930055725,-0.6905228906216899,0
-0.5609478583489506,-0.7120404429650727,0
-0.51676275120574,-0.6917966880635192,0
-0.5559107323708244,-0.7092881375040953,0
-0.5042688909913227,-0.6426344632075738,0
-0.4501110827171715,-0.6630237492365363,0
-0.481039332668572,-0.5998678468381807,0
-0.49939698578533975,-0.7057076401909574,0
-0.48209757715946333,-0.628836630743836,0
-0.5264847369779713,-0.5919618387740858,0
-0.5691985966622296,-0.5573457553991673,0
-0.5545325592684262,-0.5260304281689532,0
-0.4685128047942324,-0.5534668095237676,0
-0.5185850945477701,-0.5285842930698811,0
-0.5787943529993546,-0.5084511276560223,0
-0.5285591494634163,-0.5588876817974332,0
-0.5656352743186548,-0.45704822039141124,0
-0.5568250055633513,-0.5251195268586277,0
-0.6472752537365436,-0.5146436331286415,0
-0.6096180768327829,-0.579324016458232,0
-0.5440045240369307,-0.6101463224794738,0
-0.5053200969003734,-0.5519709077829856,0
-0.5184894193887,-0.6877729430497377,0
-0.48809231067772596,-0.6560874286936617,0
-0.6117497257405846,-0.6128950448208765,0
-0.5613354474044268,-0.7023547593142665,0
-0.5486546355996084,-0.68320080050896,0
-0.5934987802243681,-0.7041197369445025,0
-0.6198488660965524,-0.6608135625792967,0
-0.6447250495641837,-0.5857028955596616,0
-0.6338666477012569,-0.6319646248589873,0
-0.6565201471647794,-0.6026705543839228,0
-0.6685847043344978,-0.665854852303575,0
-0.5454090561805188,-0.7233776993828962,0
-0.5346658740479368,-0.6956682343061525,0
-0.46265011830190395,-0.7122682136253574,0
-0.5802493234042941,-0.6571249986924655,0
-0.60008075200013,-0.6592219111685189,0
-0.5755312182072272,-0.7548905705116488,0
-0.4918534570435913,-0.6918167717247798,0
-0.4820274010878611,-0.621645074447166,0
-0.4724214884532659,-0.529232153601239,0
-0.46067900779351884,-0.5962099720874277,0
-0.5201893769753385,-0.6024866844388285,0
-0.4507719480581376,-0.5477846729452749,0
-0.47595041169767227,-0.5283386206599568,0
-0.5269348622851073,-0.5674317095481577,0
-0.509568817209634,-0.5993787888868586,0
-0.5381027293740382,-0.5658040058198944,0
-0.5908551925885404,-0.5878062994472398,0
-0.5965819606380562,-0.6344381031068467,0
-0.577941370515908,-0.5243648600107512,0
-0.5954034757452513,-0.484288152940493,0
-0.6151138287449573,-0.5255072784201864,0
-0.5926786922747159,-0.5001562396906202,0
-0.6093794452272003,-0.4687598813486928,0
-0.5550854289227489,-0.4846303706944484,0
-0.6631224758775202,-0.44036222051911905,0
-0.6024487248586254,-0.4807390587465302,0
-0.5825183533131975,-0.40711088290577907,0
-0.591114477895547,-0.3828865874843543,0
-0.5960873632763437,-0.4005363851128621,0
-0.6106729772006533,-0.40187957919195033,0
-0.5279176184168467,-0.48443630454077513,0
-0.6406190035662773,-0.5125070404682723,0
-0.6312922846349734,-0.47824139700604795,0
-0.5106617876345892,-0.39304647716077484,0
-0.4362882241321188,-0.38202223550597336,0
-0.44082286869440895,-0.49626780905860196,0
-0.3623689513258438,-0.5073273287714897,0
-0.3734596950304426,-0.47656633187042347,0
-0.33158069842307747,-0.583834146763854,0
-0.25219990348694543,-0.5545487614817409,0
-0.2757443850370077,-0.5432568974437734,0
-0.31184602212241896,-0.5367879739677394,0
-0.3376617302695577,-0.5413934513499589,0
-0.4508093755499538,-0.6006123324565928,0
-0.46642371018157197,-0.5323535317987887,0
-0.4712734921242915,-0.4945772590920856,0
-0.5163283208651948,-0.34486150934689663,0
-0.43858392795775014,-0.4122129145860251,0
-0.5169183771742037,-0.4092034460216216,0
-0.5850372888007904,-0.4423475650575281,0
-0.5080809657289101,-0.4540148236963618,0
-0.46304527662037265,-0.4526206057354263,0
-0.4822451366708933,-0.4809654060572759,0
-0.4198316439833925,-0.42094184191136025,0
-0.4859243927439238,-0.4211789701698599,0
-0.5035677455863574,-0.44065526307896435,0
-0.6263095101110452,-0.5379549836125785,0
-0.5935811909940214,-0.5708301694295255,0
-0.6398156179099043,-0.4953319401134109,0
-0.5310104361444451,-0.42506116049725,0
-0.44956497739707924,-0.4716880225337577,0
-0.4817785191777765,-0.44668635490204345,0
-0.5057817508528394,-0.42184840635324133,0
-0.5061005635558711,-0.3960377895546808,0
-0.44147138888910986,-0.45569945272886847,0
-0.44698292889813424,-0.4409232038587109,0
-0.44332354301571697,-0.3716509198000854,0
-0.3761063118010709,-0.3746819478939915,0
-0.41314084685929214,-0.3614187923824532,0
-0.4913716100255173,-0.3472673894157746,0
-0.4278917866843145,-0.42229239330339874,0
-0.40404025043026276,-0.39672759726414814,0
-0.4173991617820725,-0.41587492798572134,0
-0.44535350795815337,-0.36158430027400934,0
-0.395888664651303,-0.44406195522070013,0
-0.4650592040406417,-0.5357823574890385,0
-0.4037878214746121,-0.562181267464923,0
-0.4638969671418844,-0.4739828642753404,0
-0.4809442842168687,-0.432329867527358,0
-0.5664905089328287,-0.5531658333736601,0
-0.5315097237254549,-0.5128048331496028,0
-0.4921881321027292,-0.5152638538008679,0
-0.5034075923188006,-0.5864459319976202,0
-0.40690314705677133,-0.6261035621089676,0
-0.5055160778312208,-0.5977711846896441,0
-0.47119839467829144,-0.5872716576679484,0
-0.42972936019244623,-0.5855701266941549,0
-0.538787026864379,-0.49836120792821686,0
-0.5186143049382501,-0.47061868343223523,0
-0.5692649890988739,-0.6337504919891122,0
-0.5320680666709879,-0.6220546798173187,0
-0.5460323438718726,-0.6492787316365645,0
-0.5167506343526855,-0.6261189715200385,0
-0.643547659622121,-0.5291932625610197,0
-0.6321221632228428,-0.5113033374086409,0
-0.5276902909318538,-0.5333990930499357,0
-0.4637849050138709,-0.4892262122673916,0
-0.41753836979287373,-0.5341945896412117,0
-0.5011873255204173,-0.4131232465076105,0
-0.5115098457924935,-0.4823607537243735,0
-0.5991150360816726,-0.49069818300519064,0
-0.6163016628004128,-0.4766840329688084,0
-0.6881691012076747,-0.4260903625718637,0
-0.5758255291641864,-0.3579318041650415,0
-0.5851547300091067,-0.4591786989129915,0
-0.578229341592061,-0.49283853583974485,0
-0.5297934179453468,-0.4400180943799656,0
-0.6755327989965422,-0.46987480078276106,0
-0.6577334287279305,-0.40830304732578704,0
-0.6463964743269853,-0.45439796095889434,0
-0.5955773792880663,-0.39223729798615725,0
-0.6235747416759276,-0.49359559447895773,0
-0.5394880841350214,-0.4600885237021803,0
-0.5786051441210437,-0.4747701523373936,0
-0.5054918648174304,-0.47566349825834703,0
-0.5175172320960535,-0.43098887420254467,0
-0.4673521939063986,-0.48753060291363315,0
-0.512231699858793,-0.5177800375091567,0
-0.48008094187300454,-0.49799061816637813,0
-0.4657988368888123,-0.5573499819162319,0
-0.45345843180795914,-0.45996051532554033,0
-0.507394028673633,-0.4055448775645208,0
-0.504227583482622,-0.4675737760907671,0
-0.5129005687011144,-0.415187369958267,0
-0.4858807303311622,-0.48178088108952777,0
-0.5785778529662114,-0.5307773927381092,0
-0.5286515403160646,-0.45344404900820123,0
-0.62454364606846,-0.47915789681887977,0
-0.5452482949850408,-0.46199826309111536,0
-0.5795415714203652,-0.4471060118484683,0
-0.5374638635636073,-0.47176117704247184,0
-0.6040929119534876,-0.4832988335402887,0
-0.6904714709849441,-0.40794332486400664,0
-0.6395916183849943,-0.4307231336727349,0
-0.5897535851658218,-0.4464497371776788,0
-0.5614244866295478,-0.4036326671114849,0
-0.547616260477823,-0.47501509064505176,0
-0.5685859907708659,-0.36157568074711666,0
-0.5724666435451978,-0.4308622086483062,0
-0.6037590318378265,-0.3269247974666034,0
-0.6867118240474698,-0.3908087739645148,0
-0.635034081721752,-0.36347035555249846,0
-0.5685055177161475,-0.30858996675795036,0
-0.47052228172081223,-0.24924492498488893,0
-0.6004006727679579,-0.37099074870245163,0
-0.5629381729105595,-0.3562575078725595,0
-0.44911831363058347,-0.5533552761640871,0
-0.5111468472387685,-0.4745690936063914,0
-0.4837370792688822,-0.5240746736422882,0
-0.43786733159510344,-0.5542438303885155,0
-0.536547866396249,-0.45842048449601325,0
-0.4532665000106513,-0.4922670930385103,0
-0.5072908724768933,-0.445433636986854,0
-0.5795229134572788,-0.359911008164458,0
-0.47502865964605717,-0.4735763122166933,0
-0.4457740444360445,-0.3832087132047463,0
-0.49124669483668676,-0.44148319424906146,0
-0.4883080967498227,-0.42589689781859885,0
-0.44147613815469633,-0.391758831366493,0
-0.42456829873834706,-0.37114339600516033,0
-0.40379669546344754,-0.43636884475948756,0
-0.3843435570319472,-0.3867455777172032,0
-0.3624088156006913,-0.39202958179631314,0
-0.3472619226895492,-0.48793166726986736,0
-0.29540067106111956,-0.5210776525390541,0
-0.31020983462206114,-0.46402596994019424,0
-0.32013389355938576,-0.4576335545684696,0
-0.2653261813295014,-0.4610150706203722,0
-0.36029045486197103,-0.47197333048449436,0
-0.3215792164920314,-0.4911025952760775,0
-0.34242866849723147,-0.44303293276540245,0
-0.27627265291571845,-0.4282206191140571,0
-0.19987937975341385,-0.4266519940999606,0
-0.20202159105201423,-0.39568599504384055,0
-0.19614204539150537,-0.508729981393276,0
-0.3356180691348658,-0.34381163827883476,0
-0.2785919757426477,-0.40926162963215884,0
-0.28595842787130493,-0.3532460870274593,0
-0.39826169718446663,-0.338300388549786,0
-0.3909164973925396,-0.4919324294987736,0
-0.2955351984780987,-0.49158555739168536,0
-0.2982557017566983,-0.4770958449003409,0
-0.2841278154551992,-0.36848777894541457,0
-0.3275895162602454,-0.3391027176291374,0
-0.3030939820934656,-0.33092495191791815,0
-0.3624041049850773,-0.32853954273667685,0
-0.3948491703601602,-0.37484063519524025,0
-0.37021244655024443,-0.39359715042237725,0
-0.41257603013642385,-0.38579041842282374,0
-0.3038212552604789,-0.3638512916348241,0
-0.32576755007612407,-0.3458259388396366,0
-0.2729529046162468,-0.36675512499126944,0
-0.28962148976881524,-0.3968498356839307,0
-0.2641642885442337,-0.26889137233898575,0
-0.26714419987925103,-0.31495906033934323,0
-0.306714776668447,-0.3103562505281847,0
-0.2927303116164715,-0.4180230254335598,0
-0.3336232740653127,-0.3908569994905248,0
-0.2996866305374102,-0.33321210704988574,0
-0.2951894993928439,-0.3700355741529732,0
-0.34705396495153606,-0.29265026434013464,0
-0.32840793593169915,-0.3350111725737526,0
-0.31471119801677366,-0.3306614716976262,0
-0.2742766466539824,-0.3820564541600842,0
-0.15249345755657723,-0.40588964667050853,0
-0.20234128284313863,-0.3331764377536973,0
-0.2081651622975521,-0.31624475759182935,0
-0.19463046594243183,-0.24937288488690373,0
-0.20202795919640043,-0.3569477457792065,0
-0.15422126362915198,-0.3283524031168484,0
-0.1673952669832701,-0.3343572463415246,0
-0.20298279136957847,-0.34020068763882483,0
-0.15863697237166932,-0.2946661310762974,0
-0.12496723028321023,-0.2936385524828399,0
-0.16830863455603792,-0.25402763097690007,0
-0.1948706733265445,-0.35312810524738547,0
-0.18337180194760674,-0.25671499084536126,0
-0.23347103215701248,-0.33889987330494015,0
-0.3337336053284112,-0.36215966440833397,0
-0.33191140861619106,-0.3783037091276374,0
-0.2981032937398515,-0.3547293713896949,0
-0.31950119781274705,-0.3932497584661596,0
-0.2817263167614658,-0.29489929198224174,0
-0.33250074100922905,-0.3001274015302143,0
-0.2971399197687293,-0.30217583975515266,0
-0.27690024079102904,-0.3018000096825814,0
-0.2565804005835407,-0.28567265680183024,0
-0.30997331553506896,-0.15442776165236463,0
-0.2394983043712137,-0.17930752918600756,0
-0.334288280164277,-0.22818178058654578,0
-0.26167288548034323,-0.28154354381694424,0
-0.19919389523360187,-0.25937749820528433,0
-0.34059988560245347,-0.2301400618390849,0
-0.35480307878534595,-0.23195867073280962,0
-0.34717008619453066,-0.2503424594860137,0
-0.24563398913298268,-0.26376988033384624,0
-0.2812317338307517,-0.2319995675695159,0
-0.28781763486284706,-0.2936157733538147,0
-0.3356422218880368,-0.33941307808646215,0
-0.4455777038212407,-0.3863654483641272,0
-0.408541876474483,-0.4164998527748375,0
-0.3379041337772586,-0.44286176821368617,0
-0.32414097800504826,-0.4547284313408249,0
-0.30267625793892294,-0.4393247749302672,0
-0.3813446449432626,-0.527481904352266,0
-0.4421730713476287,-0.47353132665664077,0
-0.3575417962551032,-0.45573138018365644,0
-0.30503178030354355,-0.42309831395273734,0
-0.3254647538578104,-0.39305887241066406,0
-0.2357618314637363,-0.42394735441436526,0
-0.2322270613755156,-0.4320009279514243,0
-0.26186090209255825,-0.36379893538133445,0
-0.23371429721178014,-0.3892025956942686,0
-0.16477318073362968,-0.3789418473914624,0
-0.26166736117079903,-0.40155878567439796,0
-0.30982059344753743,-0.3236010707239833,0
-0.30581132976504233,-0.34833479059871947,0
-0.24897015566119704,-0.36917727728760524,0
-0.25089566976237493,-0.40366056024463753,0
-0.20289471993432828,-0.3354608994250198,0
-0.31279708701776837,-0.3225205147096144,0
-0.37063826047709536,-0.24960950013661765,0
-0.323570930226929,-0.25072862511477934,0
-0.33134536489797634,-0.32290403971667414,0
-0.3958480680468766,-0.21453746128093776,0
-0.4131957035823197,-0.23218689279701937,0
-0.5032159795628153,-0.1852572267330776,0
-0.37704679733419855,-0.2816483585953104,0
-0.3330379126490258,-0.29799606162385295,0
-0.3060028448878601,-0.2660520253133567,0
-0.23354446714002602,-0.21582505481414788,0
-0.277410458560282,-0.3331031993853777,0
-0.2633723111737693,-0.3244040660472772,0
-0.23294007402272202,-0.2852144092063178,0
-0.2215773341392787,-0.3091576523278826,0
-0.28716061683926,-0.2971613853674107,0
-0.3200664135555058,-0.3561004531459434,0
-0.3673893733676175,-0.27469974254423923,0
-0.32167721106751096,-0.42120750898569526,0
-0.31924197905477986,-0.3472820071531998,0
-0.26906416678637574,-0.39013131072272017,0
-0.25022541381728386,-0.38498189590757875,0
-0.33062355532955956,-0.24380679180808393,0
-0.3360500726897088,-0.26514334667892353,0
-0.27830402396135595,-0.36171545800227467,0
-0.2541522211403773,-0.3205362068605318,0
-0.18630099351451612,-0.3089559904402109,0
-0.20790292646140726,-0.29084831139501144,0
-0.22282920256189712,-0.3004317103226133,0
-0.29757233788938947,-0.27991704257495614,0
-0.35851161219593997,-0.31688121776303535,0
-0.18836507018982002,-0.288332817710098,0
-0.2458661681445596,-0.30194807917922944,0
-0.30684781116366455,-0.27277857458139704,0
-0.22855254507710412,-0.2474656413075045,0
-0.2073122139895329,-0.22931144881474957,0
-0.19529721403999786,-0.17080762448873615,0
-0.2208596249366171,-0.1681103595426254,0
-0.26996378150723777,-0.19902687141390765,0
-0.24786993958464468,-0.2046352107920177,0
-0.26013988660999543,-0.2626631543840331,0
-0.31402413590142414,-0.22322081714798214,0
-0.2159142222857666,-0.23257867419302392,0
-0.3030726767723398,-0.2864148351517486,0
-0.346108000569742,-0.23391952578941833,0
-0.21968076785097818,-0.26391143542921963,0
-0.24219851233262024,-0.28243687047323135,0
-0.2741946942696825,-0.3227987028166478,0
-0.26170788409782025,-0.3307232052271705,0
-0.3688669627459765,-0.31543237797383883,0
-0.3357433198403978,-0.3862323976695979,0
-0.39112896830717186,-0.3550932451417249,0
-0.4031932097601257,-0.3491337637008445,0
-0.353109349842094,-0.35014993755355533,0
-0.34251425812553193,-0.3898932483834691,0
-0.31599618685236763,-0.3304377955193049,0
-0.2590062617621918,-0.32067961803455014,0
-0.29147864165119863,-0.23542454614798594,0
-0.37589525373535043,-0.2493489616277264,0
-0.29337539941503193,-0.1911356213875747,0
-0.286462730956532,-0.18991902390036924,0
-0.2776277212065688,-0.14096817871836814,0
-0.3293159193719558,-0.15739886520568697,0
-0.28826391243397953,-0.1602251902336896,0
-0.34637612788031313,-0.15209074865381123,0
-0.3944469991479819,-0.11774656220722977,0
-0.3139059045577366,-0.07508516532612328,0
-0.3192218377304018,-0.006323100467713352,0
-0.31785586167319074,-0.04253678592498559,0
-0.25612676330418405,-0.05070519723287695,0
-0.26348136384595267,-0.08676742513085742,0
-0.4009229365015776,-0.10175218009781303,0
-0.34477431137541675,-0.12566925128257356,0
-0.2951644666233708,-0.1683517148985035,0
-0.3052758319154275,-0.12766862779132881,0
-0.2894008925887464,-0.173675167893182,0
-0.352493425910937,-0.19662812355638115,0
-0.29518218399237733,-0.18383695951673013,0
-0.32269281432094693,-0.22934275009075145,0
-0.34348007958401355,-0.2738818558848116,0
-0.3962727877374605,-0.330801285194675,0
-0.32265355785618866,-0.3064272839903839,0
-0.4174276765399558,-0.2818785492950399,0
-0.3541136460235059,-0.28111206524516613,0
-0.3611546296510251,-0.24737091245654436,0
-0.43347068942575423,-0.2615606421392544,0
-0.41017182968571225,-0.33172881880829885,0
-0.32856700043525305,-0.2542770492288714,0
-0.24887030591065626,-0.2616065039354687,0
-0.2515374940200953,-0.3050577884199621,0
-0.1696246382421201,-0.25981710918667766,0
-0.26642821260156807,-0.26359010137442823,0
-0.32648187881078555,-0.3029978091437543,0
-0.37277877437129703,-0.30339705068616046,0
-0.30966114021498026,-0.36106284641594305,0
-0.3078423621762988,-0.37600959027952524,0
-0.2653909116431157,-0.37142906343546933,0
-0.30893238309232407,-0.364187743935794,0
-0.24583313639426024,-0.3647329969642102,0
-0.34989439955195567,-0.22237110340714064,0
-0.24799407101255794,-0.2844662626100937,0
-0.20973458435122713,-0.34376792343916074,0
-0.25733978462462165,-0.3686983880246312,0
-0.2965339288103168,-0.3059981454179387,0
-0.26237522198663554,-0.30751458482273064,0
-0.2578979174257987,-0.3521194204177897,0
-0.3614744033764834,-0.326884659743405,0
-0.193472133845626,-0.2845338958330062,0
-0.21686060069548035,-0.2537544638154079,0
-0.24448705640980334,-0.27203146516823923,0
-0.20928291540159547,-0.2233393954589533,0
-0.21241581060906334,-0.2694023375961051,0
-0.2466020400944261,-0.28492027200022024,0
-0.18644567824125266,-0.3051750770752028,0
-0.28049108826079117,-0.3419796735847179,0
-0.2720883794030466,-0.4038289121835424,0
-0.27764721774306367,-0.32035379892019966,0
-0.2503760844738738,-0.32095588974516776,0
-0.15488939995014248,-0.35144981112116663,0
-0.2039213052640768,-0.33925594079753785,0
-0.19184993886489118,-0.3486777380485942,0
-0.11815467542081101,-0.38026824739626075,0
-0.18113184515820635,-0.3424368075262198,0
-0.1558154156207701,-0.34493793021429736,0
-0.17699787683649273,-0.2944498790191132,0
-0.21344679545785886,-0.3752362145723802,0
-0.337116496729742,-0.34672630598171705,0
-0.38089906366768467,-0.44993232224776847,0
-0.3646170188403755,-0.40392739884507145,0
-0.3621262682606061,-0.46454974520685316,0
-0.2883989625126372,-0.45972567377439705,0
-0.29095131186344764,-0.46404697079327833,0
-0.3656428372397915,-0.39273918078043146,0
-0.30209183319331134,-0.37077320100508226,0
-0.26350112334234077,-0.42334299504935125,0
-0.3195689521152549,-0.4116078779456046,0
-0.34372292653975967,-0.23939414544238233,0
-0.3193072447101765,-0.251906680129253,0
-0.22983317194190914,-0.2024136659155163,0
-0.33133307911966314,-0.314742704008114,0
-0.20849586318330562,-0.24312147356442715,0
-0.1893820410562109,-0.3338876903811356,0
-0.2485261009563584,-0.3905474454936465,0
-0.2624123897984651,-0.451469271366773,0
-0.23504967584701209,-0.4127802622071569,0
-0.3340617857479958,-0.44694326823195124,0
-0.28084297014031767,-0.43273467525511117,0
-0.3292512771755818,-0.46952523724949274,0
-0.28350621364050455,-0.48795316886094153,0
-0.24257001247000162,-0.5018181310025767,0
-0.25182352437829286,-0.4072702053808785,0
-0.3429843816348785,-0.3854734151466809,0
-0.31247214241744475,-0.39671890275190186,0
-0.308073662081866,-0.4100437769296742,0
-0.3123563962489016,-0.44059356590703086,0
-0.3624159596219873,-0.4553466624475593,0
-0.36728916150856145,-0.3708698231891528,0
-0.3788477702509654,-0.27943157924754747,0
-0.3245567782919504,-0.29648276370719984,0
-0.38828445059085204,-0.34931952190731225,0
-0.39658949507402236,-0.3715381957574846,0
-0.4120123782043835,-0.48345435053301355,0
-0.41493805707242637,-0.4074857194928646,0
-0.4163834563408835,-0.42088697055606294,0
-0.2933390290567088,-0.42680611008604247,0
-0.4049564607299,-0.3824359367617769,0
-0.37224990407169434,-0.3902101824448831,0
-0.48455952969818233,-0.2898435946754192,0
-0.3944640580194698,-0.2893302254869388,0
-0.3481148263226039,-0.3057378912582819,0
-0.2663081506386331,-0.3145051660998306,0
-0.3304982086297671,-0.32201279978838865,0
-0.3399502462274851,-0.3230201656809008,0
-0.32342018390132604,-0.2852391056744251,0
-0.2952773659833897,-0.3019071281697361,0
-0.29831683171027634,-0.3113586275869969,0
-0.2391099192157838,-0.38520957991981136,0
-0.2962668070775902,-0.3361822027065529,0
-0.24241749831018214,-0.3539951936647381,0
-0.34018627123176615,-0.3107142788858961,0
-0.24506287659139814,-0.3834787741784701,0
-0.31698669607026797,-0.430891631252532,0
-0.3115615832655096,-0.4643149898628006,0
-0.22842477817698031,-0.39211389809033415,0
-0.2644062959417104,-0.38618811340732506,0
-0.29841101568042544,-0.4168946463705655,0
-0.29951214414120436,-0.3642999358972554,0
-0.2028760203100567,-0.3549093572718955,0
-0.3372209950922149,-0.44398071061917826,0
-0.32572363911451924,-0.43962640604682385,0
-0.3382867919428364,-0.4350713158637574,0
-0.26455427421655675,-0.4478961183392649,0
-0.34729514654532256,-0.4994031161547392,0
-0.18519598635093423,-0.45523167374927015,0
-0.32761182230200325,-0.4163935036504528,0
-0.21844061076881538,-0.42654517579998935,0
-0.13795192040483006,-0.4759421325033199,0
-0.12992435525675156,-0.4638464084818131,0
-0.18842658943394963,-0.49157617034096635,0
-0.14891130228906627,-0.5497324209135912,0
-0.17579413928831197,-0.43415035710106464,0
-0.17400072172290748,-0.45536522805538676,0
-0.22381238174771467,-0.4951636949786473,0
-0.1858329299931819,-0.43825373767646486,0
-0.15254381462435543,-0.41151775162489335,0
-0.21704770313727242,-0.36319889925762283,0
-0.19502855360346727,-0.3910975910505573,0
-0.07445155820273805,-0.37356390519614874,0
-0.19058158622491655,-0.3522487681147953,0
-0.22841648772530238,-0.2804270530627068,0
-0.3354808833951108,-0.3447719149734778,0
-0.2379883483131718,-0.471998710707633,0
-0.22639589481445654,-0.3306167278010316,0
-0.30733276522968767,-0.3290498136152786,0
-0.37869992968586413,-0.37950511964552675,0
-0.38407494315618285,-0.40036033087418677,0
-0.3163129467945889,-0.37554144446422166,0
-0.38106342271116866,-0.30118340402431054,0
-0.2916593607853628,-0.34409739857256605,0
-0.30918574490929557,-0.42053713371827495,0
-0.3326582933752833,-0.43685381024236664,0
-0.30255592605746845,-0.41680864198516665,0
-0.29968249127323526,-0.41883895707056074,0
-0.3079591575746566,-0.4226096716565568,0
-0.36512869868281894,-0.4060513493841952,0
-0.3749499870929747,-0.4148745738673643,0
-0.39455434557621133,-0.43533727383678156,0
-0.45071254679171624,-0.45142089429504356,0
-0.3819785176016517,-0.5015699284167479,0
-0.362608078253712,-0.5238696538318156,0
-0.3772960634427297,-0.5377994107582396,0
-0.33272680777160846,-0.4731182770144156,0
-0.36383500542229624,-0.34171429821978394,0
-0.4644976520202414,-0.5093687114797771,0
-0.3576466401659988,-0.4216635328616144,0
-0.37943252930518684,-0.5004512427369283,0
-0.39873744937892935,-0.39997505059704225,0
-0.3582344124640029,-0.44147031005544046,0
-0.25037506030600487,-0.411902764508876,0
-0.26892652114210436,-0.4119065617750624,0
-0.29180544338191505,-0.3090546499280441,0
-0.31325914719119347,-0.3825764355361605,0
-0.2354551632265217,-0.4422622981394085,0
-0.24580005842632174,-0.4745725625290994,0
-0.2589593034283322,-0.36627863805094035,0
-0.2768780228098208,-0.3696665887840073,0
-0.3180735676202826,-0.4781627808306731,0
-0.38209772343376397,-0.3750312431129937,0
-0.39880176111579013,-0.3744240511708761,0
-0.33937106014794066,-0.34936586712975015,0
-0.3639467823574505,-0.37944524951861475,0
-0.24977546147605104,-0.3759641883909899,0
-0.1895733549347814,-0.41722114703366847,0
-0.2417256720412454,-0.35990568840776155,0
-0.2998654151477646,-0.3695207865221813,0
-0.36816436687938014,-0.31924593372925714,0
-0.35486634067984124,-0.3780573459799864,0
-0.33573476181249073,-0.40339817587808574,0
-0.3746146576077108,-0.39389723486744177,0
-0.32981837196471825,-0.3132034956104602,0
-0.33340142297689823,-0.34799784763031427,0
-0.46143314107630196,-0.395490223723931,0
-0.5001414821849892,-0.4355141076103782,0
-0.42856589379599347,-0.3835890483777624,0
-0.4837928530315773,-0.3985674208015887,0
-0.49731818758905616,-0.33511311896930485,0
-0.45186010311876396,-0.3780636894105982,0
-0.38671567548385083,-0.24000494800587616,0
-0.39800192890582337,-0.2621256609022042,0
-0.4451842366952847,-0.2918546220399131,0
-0.38362305288758136,-0.27441919339980764,0
-0.35657354503092076,-0.3057098692834211,0
-0.4033469301684224,-0.30167356528254263,0
-0.2981489566617182,-0.2849443788771131,0
-0.29348168979602374,-0.2978400624796744,0
-0.3409491337884197,-0.27813115887823636,0
-0.3729426364946506,-0.31820072644496167,0
-0.3360853670358767,-0.36423633998761723,0
-0.32105716373497073,-0.28980690181451707,0
-0.2745846245968198,-0.40529907132863163,0
-0.29062536374648007,-0.37505347448829085,0
-0.31393385006342106,-0.2686049909530482,0
-0.2587914284526389,-0.41127966154862594,0
-0.3392692492276625,-0.36364042573526134,0
-0.3083385534093181,-0.3408309249251424,0
-0.2585800586534766,-0.3783013195074677,0
-0.3548101344383058,-0.5370624192951955,0
-0.23563382542618752,-0.43401235083055606,0
-0.36193695334116505,-0.4721211886125741,0
-0.3050723671958408,-0.3969619576573559,0
-0.32352128963400767,-0.3925737623815051,0
-0.3067706140249175,-0.44213302726578135,0
-0.3439970307266145,-0.4121607522759737,0
-0.35989890217371595,-0.37974530696362613,0
-0.24839808242656228,-0.319043044542809,0
-0.29114346779181494,-0.37926787507750437,0
-0.3818458717634426,-0.3475043058026875,0
-0.36769287417908514,-0.3141617177113406,0
-0.43403378492774347,-0.42254201285592513,0
-0.47024490341755165,-0.426712065507099,0
-0.43840045134195577,-0.3947346531149297,0
-0.4554143626076097,-0.4184387254797156,0
-0.4230545437902712,-0.45153497087215916,0
-0.346234116517652,-0.34640532908707306,0
-0.36982917087487144,-0.48424954506556384,0
-0.3730451868744132,-0.4782453598944529,0
-0.38169331120812083,-0.5054290964859889,0
-0.39642097581077673,-0.3974993367297673,0
-0.31814246064003754,-0.4206510930476548,0
-0.28685099341649484,-0.5456630933705732,0
-0.2948127840758469,-0.5621696138876788,0
-0.3506536479929446,-0.535523923879341,0
-0.37118828993774994,-0.560682033713475,0
-0.44983047481887933,-0.5098791183585629,0
-0.41497084951079954,-0.5456891472209509,0
-0.34694295231136685,-0.5780712446389634,0
-0.44946921538470236,-0.48381919789850164,0
-0.3856615759914863,-0.5140956304465413,0
-0.3309354132619129,-0.523924945512101,0
-0.40889604815809677,-0.6249537336109328,0
-0.467238626879235,-0.517946544036362,0
-0.47399070945703603,-0.4817923169593028,0
-0.49926731097365906,-0.5233913889978397,0
-0.49828357903128984,-0.5405120030343609,0
-0.41242807496867784,-0.5159473489091582,0
-0.42745993011005046,-0.566676286994373,0
-0.4804013911986606,-0.6023389889131647,0
-0.46811239573200375,-0.5765877326402298,0
-0.513043292039809,-0.5340409375223322,0
-0.536833058653808,-0.5447094976322351,0
-0.5459059747117057,-0.41214239733753166,0
-0.4314788517611332,-0.5967328175925237,0
-0.4712700789490579,-0.5063447259768727,0
-0.4740631131392049,-0.6082154697680646,0
-0.5509243490143065,-0.5930156594168747,0
-0.47982983443521404,-0.5106154477479946,0
-0.4817604748186931,-0.5135973484428731,0
-0.5163881663361761,-0.5198061743455025,0
-0.5251295856745932,-0.5683994654119675,0
-0.49905701408454517,-0.4851066504628012,0
-0.5706265946934032,-0.5952641116024638,0
-0.5826780186590954,-0.499886061481091,0
-0.5248332260729438,-0.48065533907122054,0
-0.47510340604457996,-0.44760011351396767,0
-0.486926271499061,-0.37355187506937376,0
-0.45687698843860813,-0.45175970925310727,0
-0.511027680554615,-0.48545249550537173,0
-0.49725534317943065,-0.5331218160770238,0
-0.4759587432545173,-0.43946952839949216,0
-0.5644916403498796,-0.4374745205525039,0
-0.5458798857275744,-0.3921740866609297,0
-0.4889592551161624,-0.3404171665499532,0
-0.45434333155561224,-0.2664697587774369,0
-0.47889937699317303,-0.35689163418869346,0
-0.4399391805234161,-0.3564001946385069,0
-0.38232734882172453,-0.30583732269306335,0
-0.31911753192434056,-0.250656363440386,0
-0.32830431419693556,-0.25582617195264273,0
-0.5006093337020694,-0.35234008314908594,0
-0.3374900273621495,-0.4803403945376268,0
-0.3442941325903706,-0.4137662590628094,0
-0.38793712090761207,-0.5346362265789031,0
-0.4243279162403715,-0.41182700739399,0
-0.5643853146864061,-0.36818674977947824,0
-0.46427654196705176,-0.3572712460552918,0
-0.4507520054861193,-0.37890106870718837,0
-0.48980060204282116,-0.4440447539863889,0
-0.3308154132515314,-0.41717470581069166,0
-0.31551792410053087,-0.4551209106423842,0
-0.37783994813061345,-0.4349488102375365,0
-0.356457052276506,-0.41675604660133375,0
-0.3333510946555961,-0.39541635869705555,0
-0.4471861402320277,-0.4177311253052317,0
-0.38424351590236305,-0.46847062092780417,0
-0.43394622564050345,-0.4103863620736068,0
-0.40409136714613764,-0.3676322950765781,0
-0.3890481625330557,-0.3643128135847991,0
-0.41291147368915665,-0.4279608075655724,0
-0.37874759167680216,-0.41304529944795754,0
-0.4544802169722829,-0.43668845849011195,0
-0.5041584430453552,-0.4952912840309047,0
-0.4417980997176017,-0.5040655321932478,0
-0.40041574064146945,-0.49044121010490915,0
-0.32221015457281893,-0.46235969117102044,0
-0.24696517797231488,-0.3272248351026652,0
-0.3214024629529774,-0.41204544063118465,0
-0.20476623493212698,-0.4661007490398442,0
-0.2085981813243118,-0.3978183300899384,0
-0.23233799006065756,-0.40558937094946806,0
-0.2655694922645279,-0.41888193326515144,0
-0.2950012056855927,-0.29443434297714405,0
-0.30795779476464014,-0.42297362021027274,0
-0.2577639725940942,-0.33758228810659163,0
-0.3300733155049481,-0.3842359445185963,0
-0.41334056164969263,-0.3886429909865075,0
-0.42031172893879426,-0.5042887434959068,0
-0.3844654401550358,-0.45077376406152214,0
-0.4810709867175607,-0.52924490773938,0
-0.34771925391043057,-0.498509294796416,0
-0.32373364486697054,-0.4453874841954688,0
-0.3281098426555781,-0.5077954463093813,0
-0.36780504055974694,-0.5187698637076104,0
-0.34238939941423874,-0.5270711774404166,0
-0.3294257861031388,-0.49067501454709334,0
-0.2576358529311306,-0.4449424856867885,0
-0.28478053596082686,-0.5556214926292954,0
-0.3883129141339289,-0.6193525129648781,0
-0.43059176066189486,-0.6032418870685131,0
-0.4264076509577183,-0.5856026817638472,0
-0.3655612870578025,-0.6206691968590273,0
-0.32324930462610285,-0.5749129490713499,0
-0.35245983930968994,-0.6001182929768829,0
-0.28151671582629684,-0.5721347890526628,0
-0.2789464092852554,-0.7100898406658701,0
-0.3121161565311057,-0.5794297665767422,0
-0.3889276587313608,-0.5119786417600889,0
-0.3991740918796257,-0.5070841035190106,0
-0.3427643797168555,-0.5043874762792723,0
-0.3935342629140987,-0.39778377421009353,0
-0.4113373441217044,-0.3860611212073202,0
-0.41142055536764477,-0.4065306914497472,0
-0.4312104438019983,-0.4604524018219336,0
-0.43649311995207474,-0.40906324207032324,0
-0.3914701339789979,-0.371088811325046,0
-0.44623749060360096,-0.41924395303586276,0
-0.36627347700219115,-0.4007279714080019,0
-0.453897803289696,-0.3148881809111726,0
-0.35230127972238373,-0.28268351158571214,0
-0.43823780067968965,-0.30568739170907905,0
-0.44006505916084265,-0.29293128361688453,0
-0.42407496631777614,-0.37065831317656317,0
-0.3622592516251057,-0.5024499706237278,0
-0.42889332925808354,-0.41614395058475045,0
-0.38264838307791754,-0.39336312922195754,0
-0.37925090365053266,-0.39047617204317664,0
-0.44166319194067105,-0.339124171826978,0
-0.36696181841827424,-0.40002154580950877,0
-0.41798176672450094,-0.3720915469093526,0
-0.4809839964579073,-0.39121172980938407,0
-0.44405634757719825,-0.33356712071627637,0
-0.49885921268196004,-0.3992572767352271,0
-0.4307280784614572,-0.3700333823548905,0
-0.43117693755300257,-0.4178466660758157,0
-0.39296341831435144,-0.48015981198815416,0
-0.38519924192709837,-0.3827617457174608,0
-0.4113657461733363,-0.34498242788025985,0
-0.3882377922998106,-0.47259531325487397,0
-0.49004325155196843,-0.4930701109211134,0
-0.4014870697543944,-0.483868241176974,0
-0.39651818050678034,-0.4927192608424271,0
-0.42026439951149763,-0.45813472832959296,0
-0.35364127374491344,-0.5184838131413403,0
-0.36679129359851204,-0.4112725373963627,0
-0.3327811436863192,-0.5624311476486815,0
-0.31374206448843284,-0.5072671360648123,0
-0.31640657724678356,-0.5308877577791482,0
-0.33623998703689134,-0.5394870267495253,0
-0.27314122346093495,-0.4574059142588048,0
-0.3484131358264958,-0.48469770802326084,0
-0.31659631718210784,-0.4486541810110963,0
-0.3293265408373014,-0.38168123779292107,0
-0.34866152391240807,-0.5822434938204333,0
-0.3162625305535778,-0.5401257011094719,0
-0.36498637130454076,-0.5580246224348075,0
-0.2885838297481609,-0.5660633886069012,0
-0.30162619876849545,-0.6068682444404365,0
-0.27255468621964873,-0.5815488323974952,0
-0.2513299849406164,-0.4953873611206113,0
-0.18856108906262325,-0.49950534798584234,0
-0.15386272204701734,-0.37143923567805825,0
-0.27303982186372366,-0.42891030114327383,0
-0.25493290097108257,-0.45807327766466494,0
-0.27248707209300926,-0.5247579215321247,0
-0.21216830968710082,-0.5746436793472237,0
-0.23560845198376243,-0.533195551147006,0
-0.25892226154396253,-0.6376794594759699,0
-0.23057160369528817,-0.5910104534377322,0
-0.21534627685829005,-0.6216651259693711,0
-0.27080507352868166,-0.6254620539325447,0
-0.27978188404819704,-0.6501430641977328,0
-0.21006356722193323,-0.5258520829889635,0
-0.2693351152661728,-0.4760663556436428,0
-0.2675097869749593,-0.4462654068528015,0
-0.21719134223671419,-0.551253200419259,0
-0.2864968578877901,-0.4781912651737453,0
-0.2117593684006537,-0.4426997914072986,0
-0.2730004318762158,-0.537101636567702,0
-0.299679634552274,-0.4316171120435521,0
-0.35188257067652173,-0.4468279082291233,0
-0.3176963921369109,-0.4817756770883895,0
-0.36054910973825666,-0.48542317949823444,0
-0.2670388409398835,-0.5269096733302112,0
-0.3313569952077157,-0.5353195183947503,0
-0.3133359264855211,-0.5424306221577964,0
-0.3341230595056425,-0.5161847105178455,0
-0.22743059496395385,-0.49046357540061153,0
-0.23755118732248143,-0.47012310064459306,0
-0.3218882285704414,-0.4895059626356893,0
-0.32945778543975746,-0.47994897008474807,0
-0.2624338258101908,-0.569017350791801,0
-0.23338157940908355,-0.5010355418372695,0
-0.30716420758318946,-0.4823681577286934,0
-0.2644457879183555,-0.5613009733084238,0
-0.24990991042226632,-0.5414665495446238,0
-0.27139516344545433,-0.5618781922819723,0
-0.277976678843589,-0.48149624103572025,0
-0.3448366004490456,-0.5893961276465134,0
-0.2975655294760672,-0.524979002717974,0
-0.3254675065723197,-0.5778593245955599,0
-0.26717516134302616,-0.5422964309218503,0
-0.2493924469544217,-0.6455512677749193,0
-0.26489020592582846,-0.6723157298048027,0
-0.17643672373689395,-0.610834460398874,0
-0.16845581213077404,-0.6106543321657236,0
-0.19763024291548734,-0.4833685351135224,0
-0.07226080942122987,-0.5054869055241473,0
-0.1239409748628276,-0.49987925239140213,0
-0.0800490827911489,-0.5371434762318117,0
-0.08418956394630528,-0.6014554980656778,0
-0.10913990415910146,-0.5962103781542485,0
-0.07980190116628075,-0.5198268462697926,0
-0.06266380572793595,-0.5966740780343209,0
-0.12297613790319709,-0.5809953713013447,0
-0.09083196702888191,-0.5636853801671012,0
-0.12655367094063008,-0.5737799108704628,0
-0.11673839619012255,-0.5680072593467279,0
-0.07963129453150881,-0.5225327825720655,0
-0.1231317324589154,-0.5190423898873106,0
-0.011508545124786301,-0.5806000493416542,0
0.02868853872358605,-0.6043843378275392,0
0.03852193055411628,-0.5882951229620456,0
-0.10181238770316602,-0.49869430166052475,0
0.005931987589206378,-0.6358210857104588,0
-0.04687274170199084,-0.5575984716923732,0
-0.051998523125709024,-0.5079102320089082,0
-0.07610700190695768,-0.504828357922933,0
-0.07819982759969776,-0.5411082529271846,0
0.06271889358684915,-0.4280320999010222,0
-0.0019288026865741381,-0.4731337520043918,0
0.011967900088818073,-0.3800836850781712,0
-0.12361285275113149,-0.4873642131879839,0
-0.03933304543292314,-0.48550666621463395,0
-0.009441374330820151,-0.44841653821513056,0
0.11259321234601413,-0.369102911340934,0
0.06726615205705418,-0.4455437018290332,0
0.10806432107289896,-0.4152647557185097,0
0.10274871667716778,-0.4576885948350488,0
0.024067400492480365,-0.383910141630605,0
0.04857766357367531,-0.4288008863606071,0
0.016745294345820755,-0.31158757779186,0
0.09632379136756432,-0.268396199646108,0
-0.03601668586405603,-0.37639868981738367,0
-0.031205993715638584,-0.42431072528181835,0
-0.09540360112013035,-0.41738480978789344,0
0.008705988879396581,-0.3491091490435152,0
-0.13194404131986073,-0.4620836141318597,0
-0.07912644578402592,-0.32887447304990675,0
-0.0864530193286219,-0.37958584637748005,0
-0.15338098968037078,-0.343889587146441,0
-0.10671955454088022,-0.2990494649532245,0
-0.08372233477775805,-0.30372463811583505,0
-0.1160124364623641,-0.2876588093173096,0
-0.14736503071097673,-0.33411880431360513,0
0.009044834900455018,-0.2588674589723954,0
0.030480359105701852,-0.32073432185934225,0
-0.006744060500488199,-0.4233496161817065,0
0.02711208859244289,-0.3666975705901784,0
-0.03335538565955694,-0.24074473598639665,0
-0.13798956097878595,-0.3030871467259013,0
-0.06647629772707098,-0.34035746030387565,0
-0.201058222789504,-0.2968440965970705,0
-0.12905230724582134,-0.3454427533504694,0
-0.11433628410553803,-0.4130270831106677,0
-0.15850645200910435,-0.3610522780408776,0
-0.21966455433227006,-0.43501970941273177,0
-0.23704801871608158,-0.3832749493504546,0
-0.2380431876639937,-0.4286772212708591,0
-0.14944104245858844,-0.38978009493653537,0
-0.16776878794884056,-0.3450114189432981,0
-0.18489623432784053,-0.3371050449308759,0
-0.29901757815591623,-0.35551790444530323,0
-0.2268293925828449,-0.35848950379716193,0
-0.16008524497505874,-0.35195940400728076,0
-0.24443386986727306,-0.34861968440172825,0
-0.23804090688261273,-0.37087336323180187,0
-0.2695056839595822,-0.3750071562110248,0
-0.24313031543441307,-0.2865061394139279,0
-0.226807690257138,-0.26396074456405705,0
-0.2116000706982035,-0.3812464651847864,0
-0.23863556685874723,-0.29282094273261977,0
-0.15830883245135802,-0.2112573023161578,0
-0.1764144086586094,-0.25219325823584565,0
-0.23483584266268898,-0.19062061895629978,0
-0.2274079113577887,-0.24498492107972908,0
-0.3080961161419929,-0.23130743951594845,0
-0.24035741485198284,-0.3076872347805043,0
-0.28476954554819706,-0.2819586675249924,0
-0.34553311208268506,-0.28356966915866777,0
-0.3209920453265666,-0.29758501003620735,0
-0.23737551715104568,-0.38556652515658607,0
-0.28221689913986764,-0.32066023271026173,0
-0.3127725020634679,-0.3248606359224544,0
-0.35735652402105067,-0.41131119918250336,0
-0.2333474498685867,-0.43072024332708647,0
-0.28758141464043646,-0.4150843383590013,0
-0.2769180252579112,-0.32787352150212273,0
-0.2908799044099695,-0.3930691875667381,0
-0.3152930230152179,-0.4559514884786787,0
-0.34921977528862874,-0.3939101558217235,0
-0.37293387596987293,-0.45752814478512016,0
-0.2707334105385003,-0.3547997588224413,0
-0.23214940198543926,-0.4178734870358219,0
-0.20890734894923957,-0.32915424402559246,0
-0.27285905536031396,-0.34353931695693735,0
-0.15242803116371947,-0.30680023680457774,0
-0.23197409164580693,-0.3852483847459111,0
-0.29485166700051957,-0.37642768117130904,0
-0.32187358773533925,-0.40093159803058365,0
-0.2548268883792122,-0.4747042013656979,0
-0.26758259673760165,-0.3591738790429835,0
-0.33407386580777776,-0.4264182239823189,0
-0.2579245656155339,-0.3518201707807148,0
-0.4076481769643733,-0.4061828430109108,0
-0.33253737534417355,-0.3672313991349172,0
-0.35368308655726294,-0.3997732195504728,0
-0.42957135901431287,-0.403137284975638,0
-0.3459912614242953,-0.36436741838118947,0
-0.3697627761347818,-0.32106375156818084,0
-0.24429442703047036,-0.4457582771147287,0
-0.31375782597403057,-0.4344654330623313,0
-0.33588135251746,-0.4314693914868734,0
-0.26107975807164685,-0.4235118670490004,0
-0.2983530245407143,-0.34921804915413307,0
-0.24709331359765763,-0.4557394659123777,0
-0.18559087157108267,-0.3787169299809238,0
-0.20211972625544897,-0.40621009448719425,0
-0.2795564483066269,-0.36168296907993547,0
-0.21321304069840946,-0.34149397349312227,0
-0.18187455993890614,-0.30007983663000853,0
-0.14036253514802227,-0.3987244594163546,0
-0.11869761032641882,-0.3793936644084359,0
-0.18283185936105353,-0.3627882156487517,0
-0.2681552326207531,-0.34875879339982613,0
-0.23640457834807904,-0.3190404333765617,0
-0.25452616459872807,-0.32097908625067206,0
-0.31799180473891,-0.2935419257739662,0
-0.2131524185452265,-0.3029979090973798,0
-0.2658847592900353,-0.34724567124098976,0
-0.21342281347215808,-0.408184431536627,0
-0.27415164567475264,-0.4234809095357777,0
-0.22577123077983757,-0.4878508290233215,0
-0.243001462313853,-0.4508046081216206,0
-0.21892222553349108,-0.4911842719441122,0
-0.14793259793753372,-0.5198991577955027,0
-0.22624803259817894,-0.4622798095665643,0
-0.19608021556868696,-0.5146821561786117,0
-0.16299117649720096,-0.532967968098943,0
-0.16196301955913392,-0.4125894983818211,0
-0.1553810841545403,-0.47569657860014675,0
-0.19724043403149383,-0.4396743774879564,0
-0.3239216585144913,-0.3851195144338632,0
-0.2928522117171164,-0.3900792287641945,0
-0.38545043564328885,-0.37185785696109,0
-0.298859845933254,-0.35842728191985035,0
-0.30712204837898477,-0.40888049644535385,0
-0.2819097194430703,-0.46122655616143476,0
-0.32391849756216373,-0.439724421040034,0
-0.2842015932745431,-0.4581452547943026,0
-0.31190301374019036,-0.5681994422789867,0
-0.26029493271112575,-0.5066787485752107,0
-0.33358036148905135,-0.5504914424059906,0
-0.2786721936228078,-0.5859817237500237,0
-0.24143466421792936,-0.4887217761043281,0
-0.38956742062235294,-0.47719553047598967,0
-0.4046869613888094,-0.4307723925452948,0
-0.490473639000074,-0.3463703947539517,0
-0.4139138406357069,-0.3922892800954085,0
-0.45192292946042867,-0.43294202198647375,0
-0.4757190557374626,-0.4124534127208958,0
-0.4446170720951039,-0.43929934762083317,0
-0.41946856601139987,-0.5460966877214211,0
-0.44046773858238986,-0.5609925586097411,0
-0.41572852497601137,-0.5904108029414401,0
-0.36483574520037887,-0.5106381424431846,0
-0.39009406770438076,-0.5365556093744587,0
-0.37314961744681685,-0.5167375271342396,0
-0.4299977913670787,-0.5373361423460745,0
-0.393553771717782,-0.47497688139367494,0
-0.45395286641177857,-0.5502144160256763,0
-0.41241232899286473,-0.585213935491424,0
-0.36504366404839395,-0.5094798002509394,0
-0.36572728642384816,-0.5831203712748989,0
-0.39778331764090374,-0.666943578216595,0
-0.32577445761043305,-0.5943136684952534,0
-0.3647707744975778,-0.5994664903968905,0
-0.28690648176693556,-0.48546007467659835,0
-0.2363887995147553,-0.5446413032728487,0
-0.2812722967226362,-0.5576791906581168,0
-0.28199436390112465,-0.5549850359288597,0
-0.32802083989752195,-0.4240496377048631,0
-0.23746565672044387,-0.3877233669711938,0
-0.2271998687824667,-0.5084928584158668,0
-0.23795537582446627,-0.5179803806659187,0
-0.26478533337436894,-0.4494442172374664,0
-0.22392050314579326,-0.44028531120409115,0
-0.14934888848744726,-0.4371235221632519,0
-0.18942622079569205,-0.42443695645263946,0
-0.20213162313636288,-0.39569727519486186,0
-0.15993527636557675,-0.5120120051247251,0
-0.12440518811872166,-0.4222588798220108,0
-0.11641772364048909,-0.4498817885194956,0
-0.2025451008789239,-0.44099645107175045,0
-0.18992348939758716,-0.4469163086185418,0
-0.22648870712706354,-0.4901229175967717,0
-0.19861630852623674,-0.5989099186741055,0
-0.2542587026592855,-0.5113684544537508,0
-0.161966955907664,-0.546018210796416,0
-0.20589623844706306,-0.5308207526552879,0
-0.2716482217542811,-0.5025259766744241,0
-0.21795381435795735,-0.48744680051743916,0
-0.1547504399710316,-0.5275612617108811,0
-0.14397918547808433,-0.5149506621229438,0
-0.17418114904913548,-0.5560349398223132,0
-0.21084023866687124,-0.5804154465255074,0
-0.1182510021041923,-0.5828388366234014,0
-0.1682448214453383,-0.5551263482858055,0
-0.2152369237604988,-0.49625636931203015,0
-0.18097013960316716,-0.43202788540355863,0
-0.148700691145083,-0.3328457198007247,0
-0.21994558643928003,-0.4359879251831768,0
-0.13974399879518218,-0.45718534446413495,0
-0.10114286376527765,-0.5314340387159523,0
-0.11147147826518393,-0.4513071719594688,0
-0.055930033173856517,-0.48122311937292533,0
-0.09943110724398083,-0.442318490315763,0
-0.13100567859473156,-0.4525790702633053,0
-0.22321454533110957,-0.37960616488606885,0
-0.2429261273020257,-0.3539793907265146,0
-0.2998262447250021,-0.3358289978953252,0
-0.3612803419718454,-0.4004266105704588,0
-0.3167549107695004,-0.4236372514142781,0
-0.29370515010223236,-0.31302802380648337,0
-0.33122692400831266,-0.4558510892468324,0
-0.37899440846820337,-0.4540606692913257,0
-0.3440409276669578,-0.3816025593478214,0
-0.3199822132771071,-0.46246591777421414,0
-0.3323038194876641,-0.3115126808689073,0
-0.37894963373920326,-0.359549655196374,0
-0.38344800315143673,-0.4144119173652857,0
-0.3612252536879837,-0.4134534416421404,0
-0.3306838472426834,-0.37463534512196456,0
-0.2498516624054765,-0.38983429657057167,0
-0.24921386000798282,-0.3899092340210862,0
-0.26117529896572994,-0.38908134095470626,0
-0.25559566972153197,-0.20598689088947392,0
-0.2053252338136835,-0.37983417336428865,0
-0.23916531392141072,-0.2935640879912749,0
-0.3433316574312908,-0.3516649654334773,0
-0.3667267608926334,-0.4417120137912656,0
-0.33191376441794845,-0.4677520601250203,0
-0.22571292887245673,-0.3951625979652825,0
-0.2708599851243068,-0.4052758171147029,0
-0.1648086910198345,-0.4136502323169261,0
-0.22518295893663154,-0.4248640807674649,0
-0.15255494317652296,-0.4545949527573817,0
-0.25022029946657165,-0.4621582193451855,0
-0.22704385217334982,-0.39558182817650855,0
-0.3011685159359241,-0.3398784061942502,0
-0.33578475412489,-0.3324082310969105,0
-0.3367099340678417,-0.36440467805775845,0
-0.31680692178539316,-0.44942969788132636,0
-0.2755810194388047,-0.4688793649643521,0
-0.27336656587409225,-0.5085729130285022,0
-0.10775965739293061,-0.3561659422590067,0
-0.05535498089741665,-0.4398287424868056,0
-0.03248120872157898,-0.510061420403875,0
-0.17472493244590337,-0.505176405451708,0
-0.29521566547278966,-0.4938326581983575,0
-0.23117748259914658,-0.45302877966486865,0
-0.2191206194819642,-0.5581650456781513,0
-0.12337986415971695,-0.5779498378925461,0
-0.2573223576644868,-0.4522688501298811,0
-0.23048954610523645,-0.5287448115277236,0
-0.16658324105174355,-0.5428701235847058,0
-0.15353453459767544,-0.44684042781112804,0
-0.12111687740826185,-0.4588254581163585,0
-0.08309351583564152,-0.4107087751814228,0
-0.08336838579684437,-0.48694823521231917,0
-0.1072932028406742,-0.5105861056534887,0
-0.08799048992489679,-0.46914852966214404,0
-0.08114970065143831,-0.3490538584760374,0
-0.06264852762774896,-0.3976379709552882,0
-0.034722308673347066,-0.4170806968572479,0
-0.080545241205746,-0.359440755150011,0
-0.19229959976638655,-0.37485653190199236,0
-0.04437541330400052,-0.46528244427692134,0
-0.15904471023358757,-0.4312291060702754,0
-0.17849354515510005,-0.45177337297098713,0
-0.1632606651383366,-0.43713744612576727,0
-0.18966491744756653,-0.39285473855017905,0
-0.264539553727532,-0.43217141930335157,0
-0.19967225423582102,-0.40655594230797315,0
-0.23080982528262772,-0.3838336795161697,0
-0.10882284700267521,-0.3167007049988331,0
-0.17833180010479832,-0.2502669294106711,0
-0.23942851156059936,-0.3387525869815577,0
-0.23676360039330052,-0.32126083497049307,0
-0.29877803404739217,-0.3186073004832871,0
-0.2355873109238139,-0.35002212581517295,0
-0.28873031497820695,-0.3352200347953482,0
-0.32963562136678526,-0.3393862654511782,0
-0.3273518305433981,-0.3505004416761149,0
-0.29780530894435486,-0.2809642738969052,0
-0.2532088792905056,-0.23807682672307012,0
-0.31689141017209843,-0.21070800488731312,0
-0.2200822897053464,-0.23035890328030956,0
-0.2306404125838506,-0.17012307332166102,0
-0.2512876072670359,-0.20071660823005819,0
-0.3083409686833315,-0.20506993634132797,0
-0.2234755525659001,-0.21580251260604622,0
-0.32266479900787737,-0.21612552860298243,0
-0.2499783877901207,-0.2204496161739772,0
-0.30965592011568516,-0.24099479572444016,0
-0.21889507587311557,-0.2278201772399858,0
-0.25735092986955926,-0.2957127166677106,0
-0.3322616394752517,-0.237406405816273,0
-0.42664987136826293,-0.3272796695844508,0
-0.31489498739487465,-0.2760696897083854,0
-0.3724773755985996,-0.2831635535282725,0
-0.27599482604788483,-0.3158103727783448,0
-0.37485030408952474,-0.24870356398640087,0
-0.3055181346161847,-0.2927888088220561,0
-0.3293465667275298,-0.2601047554913355,0
-0.3483453850761308,-0.2692951007677262,0
-0.3004075104088654,-0.2237162722316136,0
-0.24855098743215642,-0.22671833005122924,0
-0.25232561851126156,-0.23625558817052764,0
-0.3269505014179237,-0.22697628932417924,0
-0.1726998266548884,-0.29956594138028936,0
-0.14665777765766538,-0.25346429143074994,0
-0.09406701770825675,-0.2834827306568411,0
-0.16059549228001385,-0.2928739153362323,0
-0.1357252801206032,-0.31158507686562775,0
-0.21034937661098346,-0.23801681202552094,0
-0.23002923962076915,-0.23422911423657508,0
-0.2505728180998065,-0.2503162954216736,0
-0.17687597334730262,-0.2829642379280046,0
-0.21401873016089776,-0.3225938668446865,0
-0.13929861367448387,-0.23745667284122324,0
-0.1584726902296708,-0.3410682193152733,0
-0.19656582540090162,-0.29172592202249664,0
-0.16719571256635843,-0.36937777034765973,0
-0.19285139662251893,-0.2582086685363776,0
-0.19612960029560672,-0.18887341999929855,0
-0.17650484560094135,-0.165530818734462,0
-0.08021751067376784,-0.19983535305092145,0
-0.10435989040385364,-0.31671678568823886,0
-0.09152936759958151,-0.30840641523436296,0
-0.08268201423211956,-0.2575098859975086,0
-0.16109755534627973,-0.20811403561392883,0
4.0435932625287885e-05,-0.2619696843167254,0
-0.06003179707681932,-0.2993230349476404,0
-0.11815182254814109,-0.3447955044121482,0
-0.10146946227310769,-0.30902160147668456,0
-0.0012635813472950952,-0.3320008126015962,0
-0.011003532137458728,-0.33111967511986823,0
-0.12219173879548006,-0.32150088030510415,0
0.013572187897863547,-0.35468380159829993,0
-0.027958669341540378,-0.34898515454474943,0
0.022160568314289503,-0.38629920171387516,0
0.09509744576132315,-0.3526766817943269,0
-0.02816280433504187,-0.29998310261461886,0
0.10046113500636902,-0.3789001987474021,0
0.006607446728618058,-0.3482264447547076,0
-0.05819476566397193,-0.3981313680977604,0
0.07257411268564871,-0.3754226322405372,0
0.025949052455506133,-0.43318789725297424,0
0.09344866524687295,-0.4107504944019882,0
-0.04927119190069812,-0.36016683336685634,0
0.0199125453413187,-0.3705824753661482,0
0.018792424058766376,-0.35487387503993745,0
0.04947139138209656,-0.32606443471436264,0
0.0624791109941405,-0.3887702331097561,0
0.09082196549066363,-0.36945441407356444,0
0.11722581188596032,-0.437510099576933,0
0.042238141657874276,-0.3912852883004519,0
-0.015615795106729502,-0.4337231069658484,0
0.07229805129296915,-0.4233183048302427,0
0.06143262224260842,-0.3938390674432937,0
0.05301847403484195,-0.3800896251212092,0
0.03824552244279363,-0.33917599993398434,0
0.028330472267264824,-0.359580956751968,0
0.012006601920349136,-0.37208695633827993,0
-0.016940186897877723,-0.39134203099857706,0
-0.021916767464036254,-0.3305894955699359,0
-0.018265822694642424,-0.33063426441413124,0
-0.05789420899221641,-0.34857976387030715,0
0.05109677134976161,-0.3535541981725222,0
-0.11673108302267914,-0.3613547647413091,0
-0.019529591398911625,-0.3536586355307545,0
-0.021540069478781315,-0.42971809573827324,0
-0.04975246896131073,-0.42481040891106864,0
-0.05189220860904046,-0.45427456712736064,0
-0.06752586026148266,-0.4486522415567135,0
-0.09587285643855209,-0.33205982077243135,0
-0.13024073454692453,-0.34480812309689396,0
-0.06758245004471028,-0.32607395586032334,0
-0.13457160713904315,-0.41735978742637597,0
-0.08777587595554946,-0.4404345003706861,0
-0.006056462974300125,-0.505916890904816,0
-0.03642050400677778,-0.5060165927873274,0
-0.03758316389780925,-0.5076281842809891,0
-0.04426276889959544,-0.4706012147625198,0
-0.10265338493332961,-0.5730850500982058,0
-0.13461873917340883,-0.5270117095062832,0
-0.12871206990123626,-0.5135523509851141,0
-0.08119399136891023,-0.5297494234045511,0
-0.21760136070639374,-0.5958170553176456,0
-0.1217715064725762,-0.5968892319897422,0
-0.029964616685074746,-0.5801631950326229,0
-0.09354962558239169,-0.5583314712849496,0
-0.07402157203441861,-0.5876987155041071,0
-0.14102709299818583,-0.5969759748509227,0
-0.037175023028308385,-0.5912839778667501,0
-0.08921894033847846,-0.6174818318329168,0
-0.03533941747010598,-0.5776299599507094,0
0.028074163225254883,-0.5997969662716551,0
-0.0832064669598549,-0.525325175063992,0
-0.1255871111705617,-0.5313696007711102,0
-0.2103867249914093,-0.5742128234889444,0
-0.08389324391531106,-0.6672173165669035,0
-0.10344936090108463,-0.6676418717724807,0
-0.0720576010428853,-0.6391279850336105,0
-0.08267268495698965,-0.6424190286329382,0
-0.04575892768864832,-0.598952070362198,0
-0.0166718697546766,-0.6665359133235167,0
-0.024006965339993722,-0.624390439280755,0
-0.09615193458181584,-0.4954328978029702,0
-0.06135784635906944,-0.5527468847068968,0
-0.0848657004590922,-0.5264280212385887,0
-0.009809411003319765,-0.5648514815561929,0
-0.0229823301790173,-0.5244383821711592,0
-0.011551250729067467,-0.6264882203231641,0
-0.033878338078976354,-0.5985724874444094,0
-0.09029679791884794,-0.6434612885564502,0
-0.09348781320475973,-0.686546192558516,0
-0.13509304419733298,-0.6279372027089867,0
-0.0062590667213617,-0.7338642709134411,0
-0.016954527465150762,-0.6753015037188584,0
-0.04941891347574912,-0.6288243871261943,0
-0.016820102776819328,-0.7112851744743964,0
-0.006313157787312144,-0.6706656868171973,0
0.02743865225414037,-0.6855041986169227,0
0.003385853979129133,-0.6762267415550836,0
-0.007412581943219254,-0.7029616697412487,0
0.06295159558472259,-0.7198980393461215,0
0.09860108588727173,-0.7701028503833338,0
0.0015302658395256463,-0.7668831102895957,0
-0.039683389754053285,-0.5831139745675498,0
-0.042872488485858576,-0.6942079538934278,0
-0.03915390780335646,-0.6324602245327476,0
0.02875503443579206,-0.6199437053174638,0
0.012108726088803382,-0.5152193131479635,0
-0.026620758573281597,-0.6021563012123772,0
0.10549367621764731,-0.6629222868387876,0
0.1212748258649333,-0.5617475825077437,0
0.1336585200079809,-0.6243304339908453,0
0.10455016476356073,-0.6314409248680622,0
0.2036308950821304,-0.7100045956113977,0
0.07417565553602626,-0.610504543367306,0
0.01964645805666569,-0.6440291902506036,0
-0.03774758434481166,-0.5095585956428873,0
-0.006972916358678808,-0.5217457171314857,0
-0.0405240925931377,-0.4497581390915692,0
-0.023611400906517355,-0.485912558108146,0
0.012907561585260009,-0.5578254835961911,0
0.04313761432551509,-0.5649582275719892,0
0.03970864633636011,-0.5865084092688789,0
0.10037582789440726,-0.5396212538228045,0
0.04361364096870106,-0.6118039262562449,0
0.04721342098576459,-0.6350382346263087,0
-0.005512015177790076,-0.5571026802456027,0
0.020458178484464296,-0.5008519234664177,0
0.052003159996807845,-0.5712673760619371,0
0.06816394239953644,-0.6139932296422629,0
-0.007538605720469438,-0.573095415808803,0
-0.1860255491135954,-0.5301707120356216,0
-0.0638615169173639,-0.470961801302942,0
-0.019128594901483713,-0.5876370686569509,0
-0.10962499367564729,-0.6207089778807383,0
-0.038486869036362656,-0.5295994641649912,0
-0.0784877523451673,-0.6008283734323454,0
0.10632993552948256,-0.6000692187258534,0
0.09354891794891353,-0.5332443984647149,0
0.14339912500514782,-0.6509105187556854,0
0.10137977365255306,-0.7401623852254033,0
0.03145672007626822,-0.6607297690583012,0
0.032622131930009825,-0.5567231111298262,0
0.048242101553605685,-0.5478869744556601,0
0.13026397364183562,-0.5638607084852414,0
0.08832874784702752,-0.5925479155952653,0
0.1152918765104538,-0.5306446932770396,0
0.07733513510147509,-0.6216392173775109,0
-0.00044270373483434877,-0.6772345196390182,0
0.09272823052245509,-0.6199617271511487,0
0.010856423452422964,-0.598683649615669,0
0.03446542001510491,-0.5574479389757249,0
0.047085210546980893,-0.6405195898795989,0
0.011457563162223149,-0.6412224158921258,0
-0.003071322744502808,-0.659404484715691,0
0.03454414388066676,-0.6704131456056505,0
0.060096108166520126,-0.6594785091467885,0
0.012339528615009893,-0.7063540462074367,0
-0.057048931916541507,-0.6813339954006696,0
0.021093679281314837,-0.6250923220261633,0
0.004167975397464611,-0.7143683635672214,0
0.001628256197250703,-0.7133775173693492,0
-0.06379621860102028,-0.7304788751276039,0
-0.04505460862262714,-0.6842410068540029,0
-0.13689479155093343,-0.6213877420192294,0
-0.10163642801314555,-0.6407776716339028,0
-0.10921651202055432,-0.7413329880735674,0
-0.15186613603938579,-0.7181524193137717,0
-0.14923417837257066,-0.7295903692337613,0
-0.14514772969896084,-0.6725016017137588,0
-0.2287292002671014,-0.7051844481144568,0
-0.10991564465483752,-0.6889427898720999,0
-0.03422253353410734,-0.6597141131401232,0
0.023047468357642695,-0.6805887061623908,0
-0.0611826047232512,-0.7238775422298146,0
-0.00842939801164301,-0.7631247938641936,0
-0.10149889783145777,-0.7716001697878125,0
-0.086513113326004,-0.7876839609263576,0
-0.1552910769674639,-0.7992582397382008,0
-0.1174647578463042,-0.7780990061652858,0
-0.17947493520633662,-0.82130302746509,0
-0.17353921351477747,-0.7858348340867647,0
-0.20894486369065823,-0.8511270353602886,0
-0.16311263164475592,-0.8543226464891067,0
-0.19030975551130322,-0.7586031694469759,0
-0.18279059066557404,-0.8206821448306254,0
-0.1326299872672298,-0.8620606258579143,0
-0.08649777779282514,-0.8290359726264208,0
-0.09990523972600471,-0.8996437950219931,0
-0.24845685331749331,-0.8032727597388835,0
-0.33444995326551163,-0.8374169040009072,0
-0.22348513868056905,-0.8679582225215341,0
-0.192626743556899,-0.7579906062426428,0
-0.1652367098302115,-0.8132790672793159,0
-0.040519932280119686,-0.7533638081431059,0
-0.12434646793537217,-0.8647839372465336,0
-0.09082965525325531,-0.8258091393248055,0
-0.09379537397527249,-0.8151692327992726,0
-0.0572137105720428,-0.8434975419062511,0
-0.051586530440071346,-0.8659507374623976,0
-0.047002334163178186,-0.9286433001501475,0
-0.04509268760329587,-0.8057142145133098,0
-0.0543849955214608,-0.7652968187829398,0
-0.02975263033428352,-0.7716111716424757,0
-0.050762677471360124,-0.8286769246453813,0
-0.05565216354994311,-0.8653220809342068,0
-0.08288645495319483,-0.806741968827862,0
-0.11275316448849768,-0.7916178381432747,0
-0.08954954599553416,-0.8307290794086484,0
-0.07583884854017606,-0.7893846641281993,0
-0.2813436758257349,-0.7311302221396846,0
-0.18181896604151343,-0.7972874942930227,0
-0.21021961767288294,-0.7828706774614531,0
-0.13742995411142234,-0.727052907227752,0
-0.1432750824823761,-0.7471108987954883,0
-0.12408058412468077,-0.6896204398369614,0
-0.13116001568625335,-0.806201855469147,0
-0.2220684104253615,-0.7404693109829908,0
-0.13059819407654005,-0.7494230578783931,0
-0.19412036124496457,-0.8209494971501902,0
-0.2020819424600091,-0.843679015278042,0
-0.19074334770689882,-0.8269338681524407,0
-0.18884871128917474,-0.8647687260709244,0
-0.29510595728946837,-0.8559546001902478,0
-0.26771864076236235,-0.8908606306724006,0
-0.2299731890569197,-0.9431857462440749,0
-0.16872800660465026,-0.8519645556080337,0
-0.17818295970484896,-0.8872112713243693,0
-0.17865648822792302,-0.9398512627483046,0
-0.16917977869986447,-0.8423422533567008,0
-0.23847581918688893,-0.826502903211585,0
-0.2054043971753699,-0.8404595406086797,0
-0.21536913927428852,-0.8066302730896185,0
-0.32388555378717593,-0.8726268651637694,0
-0.3615370067015379,-0.8482956456286481,0
-0.4062701145265553,-0.7726677405725451,0
-0.3987787386258217,-0.8007259619407453,0
-0.3370465876439917,-0.7868934628771023,0
-0.38865391415247924,-0.8346755343471989,0
-0.3190176318971992,-0.8388118866383811,0
-0.30090036103819257,-0.8466497664413672,0
-0.4081913357693409,-0.888398278729131,0
-0.4170446511176744,-0.8899937836620853,0
-0.35139408205916134,-0.8329874624445642,0
-0.283901972057114,-0.8571379429933496,0
-0.2577160830164026,-0.8388678566807102,0
-0.33954224259876636,-0.8387398370375786,0
-0.21139098020705335,-0.7194553209690678,0
-0.2976727426305127,-0.7647243762289567,0
-0.21253633100668212,-0.8300381950856346,0
-0.337936012128136,-0.8337491949812051,0
-0.3053594309333454,-0.871618546918526,0
-0.303124892843123,-0.8244584227611516,0
-0.24418435322090384,-0.7888783572915395,0
-0.26174944103324393,-0.8622833561280991,0
-0.3197306538072341,-0.8801887043279243,0
-0.29868989036928545,-0.8257838515045641,0
-0.23626268457929683,-0.8313566334694943,0
-0.28380968135249457,-0.8696212869154452,0
-0.3276964983842536,-0.8436842672247695,0
-0.31797273213096977,-0.9102693998636995,0
-0.23611964249861112,-0.8631194056155856,0
-0.22119003424472675,-0.9444040797453834,0
-0.2219889237988024,-0.8142743598696043,0
-0.2312670780161774,-0.8858380478655052,0
-0.19339846795386476,-0.8687686174202258,0
-0.34911873295193996,-0.8608393560447016,0
-0.2694654616879081,-0.9240958413197489,0
-0.300045390318285,-0.8484516677655902,0
-0.3518524109825605,-0.8712050942918297,0
-0.25940846020008146,-0.841230465866378,0
-0.289764560874551,-0.8050652669558793,0
-0.3521462525383652,-0.8140374375758284,0
-0.49787168689039835,-0.7857914799235346,0
-0.4622851882290824,-0.6803796736515421,0
-0.36684002316609127,-0.6931476681167611,0
-0.5255704394105836,-0.7752977188644902,0
-0.5592144899020078,-0.7880959887008118,0
-0.47262105021019823,-0.8411665654011943,0
-0.35896197047240813,-0.7300480645776976,0
-0.4664093302868124,-0.7044942426642934,0
-0.3651477119108356,-0.7599831927160969,0
-0.38602883185392556,-0.6862017505932407,0
-0.37824535193013487,-0.629521440156634,0
-0.4602856566048059,-0.6824643708322062,0
-0.38918216918835663,-0.6295439863118012,0
-0.4270262456395103,-0.5837825422906457,0
-0.390722935308514,-0.5829220040965141,0
-0.37687808048028715,-0.5864878563416951,0
-0.4903043107463026,-0.48920929015769643,0
-0.35704631374003737,-0.5159090582676755,0
-0.42824160653821236,-0.47097060210824787,0
-0.44608512033272896,-0.5214933599483036,0
-0.4351838726358095,-0.47429032632048423,0
-0.4933262969920989,-0.6403246810159138,0
-0.4400841690889384,-0.533785223347799,0
-0.45866904078698856,-0.6771487501809312,0
-0.37271295049801445,-0.6458515445175398,0
-0.4572252633904794,-0.7033758616614845,0
-0.37754367544827583,-0.6209172292271332,0
-0.4635367404398626,-0.6983495911566504,0
-0.4817696457174993,-0.6774112468472984,0
-0.45397976416786273,-0.577201319765606,0
-0.5173156345094507,-0.5590926005815985,0
-0.4435354770055636,-0.5886698035360979,0
-0.4867301419941517,-0.532817818430571,0
-0.43437411010602023,-0.6242790262869874,0
-0.456275706275214,-0.6391391995506593,0
-0.42154880230068603,-0.6438988711239191,0
-0.36373351676075205,-0.5837252913235647,0
-0.3880980527548314,-0.6265908451888765,0
-0.4259351899627883,-0.5811159615694801,0
-0.46524738870388627,-0.6743639897328619,0
-0.5140388007769499,-0.6610808126443328,0
-0.5624613538618952,-0.6305016434278156,0
-0.49965389858298226,-0.6388172591650028,0
-0.5110823270867957,-0.6488313006959225,0
-0.5277022846897828,-0.5698258145537597,0
-0.5532078014662609,-0.544274351023694,0
-0.41246579492619795,-0.5593265685242084,0
-0.43801761764706504,-0.5934795655578612,0
-0.5448788571723013,-0.5488054000151813,0
-0.40176038193322916,-0.6370554069387532,0
-0.38454675156814117,-0.5988303317805541,0
-0.41291676322591403,-0.49545412174832515,0
-0.38237869611141206,-0.47291268123467617,0
-0.47427505043058393,-0.44500062453528055,0
-0.35465379856570095,-0.46147857270222653,0
-0.4290636964916428,-0.4569377200594139,0
-0.42394868434231,-0.5973325610780023,0
-0.41804981759997273,-0.5196167002097449,0
-0.39346333644435433,-0.610093986257187,0
-0.39984873865532133,-0.5273631365577727,0
-0.3693049178591083,-0.5153710692994509,0
-0.34542954208693066,-0.5239258595946192,0
-0.2513713126935389,-0.5095942066271657,0
-0.42425676501241716,-0.5672793627057229,0
-0.29227319057300744,-0.5901313579769947,0
-0.3118305898650775,-0.456979415390275,0
-0.2954297109581815,-0.4638304799669807,0
-0.37936608058637566,-0.4998432219797544,0
-0.31054770058148295,-0.449855749164375,0
-0.43883597360408744,-0.4537504169066329,0
-0.46996936266492567,-0.5102513577515883,0
-0.37022720252666735,-0.48640656114025593,0
-0.3514264694442964,-0.3950202692936241,0
-0.27916194728136234,-0.42250634629203704,0
-0.23964257189137964,-0.46109497865704774,0
-0.2525601833710376,-0.4811106080186367,0
-0.2680518525653795,-0.48243307247556594,0
-0.19694893454612933,-0.5048149220193634,0
-0.22646132809331715,-0.4348715700405146,0
-0.1917930116447294,-0.40932206930065634,0
-0.22387312566394824,-0.4205380795533583,0
-0.25341621171557144,-0.4245936628742396,0
-0.27476060426573934,-0.4629785667855988,0
-0.36909912703148945,-0.43540508364100466,0
-0.2271221657975944,-0.3533802416593841,0
-0.3057031947553888,-0.3132052305224231,0
-0.3081796666361321,-0.315085808515291,0
-0.16726165027066076,-0.28320035543170674,0
-0.2198334464307342,-0.314740167223647,0
-0.22729549748926456,-0.2880340534531431,0
-0.16797861914665985,-0.27199660279483645,0
-0.2453262679789711,-0.2875915539917751,0
-0.23887471124154935,-0.2992325804530937,0
-0.14830821113104192,-0.33861266532747686,0
-0.24362329751716516,-0.31862393764895736,0
-0.13327032617003487,-0.326078259372467,0
-0.2290150647621983,-0.40110256653974574,0
-0.2680544034528678,-0.4195652394603023,0
-0.24355778813662532,-0.4017204699293529,0
-0.22153289683409025,-0.377906271370636,0
-0.11204020483035801,-0.3928399143276794,0
-0.18890781660326095,-0.44849501445851264,0
-0.1895975363541668,-0.37470360076737186,0
-0.2518191357348777,-0.4718708967354067,0
-0.22237509428041094,-0.5629947461785373,0
-0.13445452144590275,-0.5054073975306395,0
-0.13018047124031992,-0.47127587310107993,0
-0.07898113685896886,-0.46337935761362803,0
-0.11842306955855855,-0.49943032756088795,0
-0.10468247325779866,-0.5802700885419562,0
-0.07300245207368955,-0.5296952309063505,0
-0.04584240449591155,-0.45828409977664364,0
-0.09465360786495722,-0.5081250320592342,0
-0.05121820263234488,-0.4707624688688044,0
-0.0808968838846261,-0.5429280984095212,0
-0.1440463129722868,-0.5143223642660537,0
-0.21486088722378205,-0.5312431244270787,0
-0.20109744296301355,-0.5268691354252855,0
-0.21204375168908407,-0.4374553305654074,0
-0.2515229743779599,-0.5619220746190752,0
-0.2118349755135363,-0.5451166141600653,0
-0.1925373983729934,-0.6141030447535272,0
-0.1709562249629802,-0.5242153631287761,0
-0.16442914439739242,-0.5568775245250688,0
-0.23926663788945177,-0.5253393816181444,0
-0.24128202983776184,-0.5158778512976612,0
-0.27424081555228375,-0.5868830219490557,0
-0.2782024147389432,-0.47852216350868815,0
-0.28323401490208666,-0.5451480533232612,0
-0.3389822411042103,-0.5621713929899242,0
-0.36668657955872835,-0.47543231105588696,0
-0.31270499628560405,-0.36389408280748453,0
-0.2952287118417095,-0.4509908820652864,0
-0.2661978816731996,-0.37365904062671784,0
-0.20980015420018366,-0.3916715566244041,0
-0.25000533985383455,-0.40027749432702825,0
-0.33265817979497725,-0.3948350942452023,0
-0.3377721829147759,-0.3755958545262117,0
-0.35517636710972894,-0.321814806841308,0
-0.23945260721774675,-0.3785883595604054,0
-0.2912440791292516,-0.42074174200964354,0
-0.3202713509773089,-0.454913781584733,0
-0.34242840137269775,-0.45552196759746544,0
-0.31193892878719737,-0.37125639606997457,0
-0.29370594034863196,-0.5210520484554367,0
-0.3679461276406957,-0.4638671495405483,0
-0.27330621133080857,-0.4220924731710587,0
-0.30274132229479384,-0.4272836828755324,0
-0.42699210616195876,-0.3819770581612043,0
-0.3973922983618901,-0.37198185029274056,0
-0.35834398290558517,-0.3943069735637637,0
-0.4608008506769191,-0.37037026926574607,0
-0.425290312393392,-0.35851082066200923,0
-0.2725930571151717,-0.36623964180891677,0
-0.28964905164818283,-0.3120634791613151,0
-0.2932335800508035,-0.3373169377151396,0
-0.32775913463129813,-0.38087240725662863,0
-0.2978515569070499,-0.490713034825448,0
-0.23537827839384115,-0.4464831293242147,0
-0.2196748254253703,-0.5113621203542527,0
-0.1252207990093626,-0.4190195297200221,0
-0.14257709383265682,-0.3197462713842603,0
-0.17337363276407408,-0.3131265692367929,0
-0.16897902370395682,-0.3687675194886235,0
-0.2615429464240981,-0.28413452140889356,0
-0.24343576965749067,-0.34933862511731734,0
-0.24574842599996513,-0.43645829306380823,0
-0.22271209261432098,-0.3631797423209561,0
-0.1531170015086193,-0.40092641732270823,0
-0.23530796253487024,-0.3872030703842851,0
-0.22245084497110487,-0.40939974804483376,0
-0.20621160532117544,-0.45056226913287317,0
-0.20668017814132075,-0.43395872780404765,0
-0.264619124014393,-0.3927061404501573,0
-0.3065288553527293,-0.37836254580066536,0
-0.2362748582701638,-0.3394689964736609,0
-0.23053526025123555,-0.34782375567040197,0
-0.33817569797348196,-0.37296214697824437,0
-0.36071332856787963,-0.41297861279369386,0
-0.261765992163003,-0.4109451542860977,0
-0.2386160447662691,-0.34924811040945747,0
-0.32456459350451144,-0.23720712500485802,0
-0.29563756208498826,-0.29346553038370393,0
-0.20783259779176372,-0.23675464347430988,0
-0.28845634824373345,-0.34235040875277456,0
-0.26393131110999724,-0.345510430025407,0
-0.3576741767849909,-0.3454523561475021,0
-0.40292812993542754,-0.4075584834096803,0
-0.320200786528943,-0.45589726001798614,0
-0.27807310171028016,-0.3088299720591529,0
-0.25385271027973727,-0.2995898359531513,0
-0.33988613839640747,-0.32064980699605283,0
-0.32967221239349837,-0.2834756997106969,0
-0.2476428774132119,-0.3174112051649937,0
-0.26889076669250334,-0.22440452523572813,0
-0.3037679697500369,-0.29898804219388536,0
-0.3086445977674631,-0.3716487665096138,0
-0.2577987289745443,-0.3118017865062436,0
-0.36625426748252066,-0.310057758203074,0
-0.31650917694605535,-0.33854314031029464,0
-0.21494169095342952,-0.3738262657656757,0
-0.29618947787701744,-0.3479029904205485,0
-0.29698084644899386,-0.3063239851947592,0
-0.2500083997213145,-0.22307133931008916,0
-0.24952403430703177,-0.32281148552064654,0
-0.17828041017643104,-0.34353701353255284,0
-0.2647543142404162,-0.3298264567814364,0
-0.22254815705056613,-0.35365332122773696,0
-0.23238363234472215,-0.29973260691539844,0
-0.09375361631483961,-0.3475551660919713,0
-0.2297582461237379,-0.31680889501025294,0
-0.17404619168561133,-0.3469710867372825,0
-0.03578831194572418,-0.34897964923086355,0
-0.07822940830493624,-0.31121571704399303,0
-0.20367204501640462,-0.41180102569529126,0
-0.12912836181545412,-0.30458039245560836,0
-0.21917404512219257,-0.2683676030702177,0
-0.10887317081503245,-0.33312823446755113,0
-0.2563637552309909,-0.26276963270144343,0
-0.1851683696693533,-0.2562801499731742,0
-0.16235669459364518,-0.25878218190211394,0
-0.0713535399274161,-0.32639513723307306,0
-0.17033561553338186,-0.25193039789049754,0
-0.0376989424345216,-0.23828018032745968,0
-0.22071153967419205,-0.21912527703051804,0
-0.14619489569528826,-0.25612756852545265,0
0.008905975712015707,-0.21682830004530565,0
-0.06289053016659946,-0.2885558070694447,0
-0.10904660368072239,-0.27614289034025014,0
-0.06437704514858607,-0.21513919175636145,0
-0.16286146289262293,-0.20921826201837104,0
-0.17688424240635126,-0.24733559685509232,0
-0.14137764984073206,-0.2161253385594742,0
-0.18032666987524132,-0.215857820669268,0
-0.1964941901371185,-0.2882454836282309,0
-0.15502111928914986,-0.2217270866112604,0
-0.19876764302900338,-0.2939866421845424,0
-0.25028434735321803,-0.23917492168425147,0
-0.15174270642141002,-0.2184137777724838,0
-0.167127857657356,-0.21426835092844748,0
-0.1267245199829497,-0.1846404458430233,0
-0.18034309848886865,-0.1936908869589518,0
-0.11738359376029167,-0.23003298865993066,0
-0.09219868985709012,-0.20567850886070743,0
-0.02636078377029394,-0.277787667446748,0
-0.13797289029607468,-0.30460719903426187,0
-0.07385558578024301,-0.40812813669643955,0
-0.0749630227070948,-0.2475878008203546,0
-0.08223033362590093,-0.38732886844388614,0
-0.05481759135160739,-0.44745965370167284,0
-0.04740131580183423,-0.45451241332620357,0
-0.11026024589100633,-0.3467110245319273,0
-0.07674520760168395,-0.29589468458857926,0
-0.08468819521026627,-0.38900446405570743,0
-0.19645273181008438,-0.3823575349970841,0
-0.16630284285814456,-0.36226862677012767,0
-0.3252325811896851,-0.36672560503459395,0
-0.2285618409526102,-0.38685943042241305,0
-0.22416675556183452,-0.2912575694888595,0
-0.2151148082465396,-0.36319686704019577,0
-0.21189677418321606,-0.2878186469941425,0
-0.16945121718029363,-0.26403509049418045,0
-0.161878580249623,-0.2638985591344248,0
-0.06549689657230548,-0.32413759051899615,0
0.004116191806914082,-0.3450186141576538,0
-0.04128610105664548,-0.3114021654785336,0
-0.054519521817087455,-0.3336582615902529,0
-0.016757840277661605,-0.32586248385324823,0
-0.09829072120904553,-0.22212349351845456,0
-0.056123106362759204,-0.25066118350480276,0
-0.031676255818114896,-0.26170574695251775,0
0.005116001184393544,-0.34314029953527764,0
0.048218441770425245,-0.22735232723673454,0
-0.01836463025425745,-0.26462911132950484,0
-0.16136821338734575,-0.26885224196100543,0
-0.25912417042311353,-0.18004232175829377,0
-0.31460579362637403,-0.15511762314827196,0
-0.34890459999214174,-0.21132277834081847,0
-0.3593845295751351,-0.14811339438894056,0
-0.28476015654364556,-0.09516929009542986,0
-0.33689271982330016,-0.09119368966705453,0
-0.2881201958067196,-0.08119261510019768,0
-0.18359477858806178,-0.06493767291056175,0
-0.2831351745406745,-0.17245160357360512,0
-0.3403134199212192,-0.029054429254359554,0
-0.2613711511742046,-0.14081511585110895,0
-0.21248450478474612,-0.16450710179828215,0
-0.30303503626044026,-0.20590012668637536,0
-0.2635933978521114,-0.21933338360228102,0
-0.2262335490521557,-0.23356568214886278,0
-0.2969147043890412,-0.12003090850312932,0
-0.29159523109493374,-0.18442789408559523,0
-0.2069633801255698,-0.30472236194609903,0
-0.2566945292786455,-0.20663088582849073,0
-0.2922083210323839,-0.14509760433832283,0
-0.20197176467248448,-0.25383418387277495,0
-0.2869062313618842,-0.27203785919220524,0
-0.3132813167596121,-0.21460592409521653,0
-0.17304063661969668,-0.11973365493613702,0
-0.32037336435609853,-0.11332696182362459,0
-0.1444544283668471,-0.24928984039424482,0
-0.20572510894264728,-0.2664058984179913,0
-0.165617070788185,-0.2293494610774419,0
-0.15907492978571616,-0.21198574035243853,0
-0.1811363173544384,-0.17506181283047964,0
-0.09755039096529801,-0.159354608451852,0
-0.13425152171468635,-0.17992946173163496,0
-0.1659892693348423,-0.15534483886264552,0
-0.030164663608837572,-0.2967562147874253,0
-0.12226601510296217,-0.2763421409890894,0
-0.05917726342479708,-0.2528210692899231,0
-0.07783671719751722,-0.20891396545382326,0
-0.1218769553679736,-0.2845922818205128,0
-0.12471564199460666,-0.22286508739925875,0
-0.038955208498728314,-0.27849343759013834,0
-0.06274384377838818,-0.2841090715016308,0
-0.1191680873347539,-0.2898887515388087,0
-0.16393575229777235,-0.32604755570380417,0
-0.20481947114414312,-0.31719325277371846,0
-0.14851566047451742,-0.427945440243059,0
-0.15601275694223316,-0.4527964482506905,0
-0.17426828295023034,-0.45296795722521477,0
-0.05484560476235713,-0.545836347654943,0
-0.06221176240163588,-0.47334701956345043,0
-0.1326247790867855,-0.43013613342525775,0
-0.2123714165827466,-0.419540152956969,0
-0.24187490507154158,-0.42927408297747893,0
-0.2250810353275481,-0.3756762061677083,0
-0.17933406455953327,-0.3899877479272666,0
-0.17107740929706045,-0.40658984532333364,0
-0.1481221573662672,-0.35961910473811687,0
-0.1283435063979257,-0.4175322252093006,0
-0.18593850259369707,-0.3341284897875935,0
-0.2400501920432429,-0.3536078034188641,0
-0.2659612930393255,-0.3218301275538504,0
-0.20074133350462822,-0.31238646727674574,0
-0.29721840912837294,-0.4149229681557103,0
-0.2537256467604276,-0.3373258297264524,0
-0.2768804383108491,-0.256337719811776,0
-0.1540286249708995,-0.23760105297976772,0
-0.16466843048457658,-0.2558299678895287,0
-0.1124350130797481,-0.3750876589645778,0
-0.20575018828067637,-0.27114148879129574,0
-0.20243986342493975,-0.14970308758375322,0
-0.1847036886763312,-0.09768181776481777,0
-0.15408548166768404,-0.16623271515095653,0
-0.13307243482504139,-0.1521025495314216,0
-0.1394608341583761,-0.07774412140177211,0
-0.044492448247629615,-0.15140093812790295,0
-0.10285048684465117,-0.1781766423305156,0
-0.18777234005753346,-0.18731236598531592,0
-0.32043590528573157,-0.038222020486151864,0
-0.25649079771683225,-0.09288096466277315,0
-0.2676081016881747,-0.15132614035882647,0
-0.2760773539147683,-0.1641806837402432,0
-0.2915912546857386,-0.11756168317991988,0
-0.22934940491419253,-0.2162713511297546,0
-0.21401856517136897,-0.15437837087517922,0
-0.35785249136254416,-0.12591307234666743,0
-0.25068198185954194,-0.13031560430946237,0
-0.2600469068288252,-0.10506496993490863,0
-0.26290166543041493,-0.04268707017195166,0
-0.3074880309536505,-0.12734146004713656,0
-0.3213693229879928,-0.10791611012359456,0
-0.23195464081478737,-0.09415729886495625,0
-0.2899471089494289,-0.1437773501330507,0
-0.3221656831236883,-0.08340444589409182,0
-0.39663530228100297,-0.17002038604732125,0
-0.33477781842925974,-0.1671849209982118,0
-0.35798034869317935,-0.1958939972526895,0
-0.3520126445648279,-0.09121690756817386,0
-0.3528108638030678,-0.1192805951828482,0
-0.42162426322699087,-0.23754069280782075,0
-0.3952203944733883,-0.21543432900886067,0
-0.44294905083801,-0.21538455352525282,0
-0.35611135255911075,-0.19261988942290165,0
-0.3477121346895382,-0.10714584822778424,0
-0.41475896422097197,-0.17988220654827575,0
-0.3179004119926757,-0.1785100821874305,0
-0.37177047774841365,-0.2457322787309732,0
-0.39191891225415276,-0.22516746565013152,0
-0.3518774989775725,-0.18650347699973738,0
-0.381075002975112,-0.20978397182874803,0
-0.2685456032360004,-0.16800112742581216,0
-0.24842423621641396,-0.30416440235527925,0
-0.3308069469740616,-0.2193925843954824,0
-0.23633818474194232,-0.13314553255372646,0
-0.23947485140152627,-0.19127524138054355,0
-0.19927049387242646,-0.17158017550169702,0
-0.17048883075737903,-0.07092295074499497,0
-0.3344149969535337,-0.07570705503192617,0
-0.2510472210036425,-0.043517573972292056,0
-0.3224812092357178,-0.09629881906977289,0
-0.2566548777228241,-0.04628202029895087,0
-0.2508204540967559,0.03404012812137376,0
-0.1953429306672965,-0.07290304528892343,0
-0.18438150655326113,-0.14183801359701648,0
-0.25390029214298226,-0.16357826531630443,0
-0.23994625387528704,-0.1067637245114606,0
-0.22650016129192724,-0.08385898299876278,0
-0.2999596347113961,-0.0759542845882647,0
-0.23597156616917486,-0.0029930233875399004,0
-0.22591220295533576,-0.1364991054305356,0
-0.2269563858945416,-0.09086483242405789,0
-0.2530094935009855,-0.012061848781821191,0
-0.3710958970894158,-0.024111100095265584,0
-0.3064965806038841,0.044011207431819535,0
-0.2798654426884339,0.021019870020105025,0
-0.22735617626363594,0.10189671464529025,0
-0.20701011239549783,0.04634412558635686,0
-0.255549426790322,0.055499727275126434,0
-0.14655651351037102,0.11474287023243465,0
-0.18625843323215385,0.1094690144883011,0
-0.10398814330894816,0.03667481068800489,0
-0.14364309773120337,-0.012453035734092628,0
-0.19964355959356722,0.05313762093201022,0
-0.20626106737494576,-0.012167486030030768,0
-0.2135433868381309,0.03819926331287726,0
-0.20955663329173482,-0.027633646540145537,0
-0.17027228294504465,0.053988710928477845,0
-0.266681121492504,0.01822276823375861,0
-0.15196502842313533,-0.005634041685627644,0
-0.1885991591273113,0.08286235594456463,0
-0.22438919899329104,-0.007879953853718744,0
-0.2006460694818489,-0.01917803246812803,0
-0.1939887986610688,0.05515776236731158,0
-0.168403758478385,0.02833703129267109,0
-0.035885417534352426,0.005869580337066863,0
-0.18265549867403139,0.0016815150314229282,0
-0.04083101057505087,-0.007641775499115641,0
-0.1620427482970585,0.023783086790346998,0
-0.1498265169062706,-0.016337291432607037,0
-0.11226642822937448,-0.06622934306505962,0
-0.11954603945586395,0.03579688912378537,0
-0.09415379178984377,-0.003033098664567087,0
-0.12811833855966231,-0.03262723994765599,0
-0.1457031205183062,-0.024601866544221154,0
-0.1887487005739466,-0.12250946419008596,0
-0.12081343961654009,-0.19141965788972637,0
-0.15501316442170143,-0.1957663237950883,0
-0.21280787024225722,-0.16900257355870874,0
-0.19547673279504074,-0.14288754367968884,0
-0.07725488550641804,-0.07545637549149015,0
-0.0729616683988931,-0.2255366992036247,0
-0.012813530082076717,-0.15117329675469857,0
-0.12067129880683958,-0.1847170019629895,0
-0.045327268904282625,-0.13222323148911747,0
-0.004141180860694295,-0.10483265610932559,0
0.04878433778444115,-0.1160350354882334,0
0.005593203561855421,-0.10441577746744998,0
-0.04220261034654289,-0.04544319886566633,0
-0.03635991956296989,-0.043726823890641336,0
-0.08320082743026591,-0.04541194510111632,0
-0.004335533986306109,-0.020253953862124717,0
0.007816799104332393,-0.010389053349264486,0
-0.0363374521287943,-0.015547162506416818,0
0.05338804602061124,0.002712045340619647,0
0.06237577133270434,-0.050228207603193874,0
-0.0841027039603175,-0.001561597255441173,0
-0.016523528665373585,0.021367194846147616,0
-0.016014205220481973,-0.010757641223219885,0
-0.025314865790889575,-0.038413735737412885,0
-0.007740081169238088,-0.09136863452890527,0
-0.1357749267366606,-0.059248018285565474,0
-0.15064788271844548,-0.08702319605125369,0
-0.23416829048093873,-0.00732303780730395,0
-0.14516399211832393,0.06623659593941567,0
-0.16492618184303626,-0.01332583578298921,0
-0.07120575042916145,0.05094728636001476,0
-0.06340041168156649,0.00910103993720729,0
0.020442366796556477,0.018387255819571784,0
-0.06141296626660139,0.0033500032796046457,0
-0.03708498300455422,0.06865409197219585,0
0.031978711473503146,0.06448923362842794,0
0.0017270261928057952,0.006476247139523314,0
-0.014608213066779358,-0.02689256136344856,0
-0.12379369145638507,0.07231946593731832,0
-0.01945824046849555,0.026281269734869134,0
0.00425777522771487,0.04595100177619385,0
-0.09799424193602194,-0.005057059969063832,0
-0.017830548208090866,0.09893406706467167,0
-0.11013244682731552,0.11920814612043173,0
-0.06506132750286217,0.06906936836660946,0
-0.08044734325165356,0.0953855468319115,0
-0.08165537141468146,0.09594306702437064,0
-0.10807388002435134,0.1211168739853829,0
-0.0557847716729131,0.12954025259368598,0
0.016272079256218874,0.14623540421065623,0
-0.0084112278401163,0.12114278829965014,0
-0.08924524136538038,0.18073553447902796,0
-0.11747932955349998,0.1279728407287508,0
-0.13864272912953385,0.23966553180720918,0
-0.0699936180830018,0.2246461870588446,0
0.004777173922228428,0.17064208334708017,0
0.02918620106898067,0.06643079886220395,0
-0.06434963190436743,0.1086752878564665,0
-0.04326509060182174,0.026937662614246446,0
-0.0659454148262885,0.050747668562523884,0
-0.10012080901905443,0.05114268373914455,0
-0.12038898969334401,0.07933043897151804,0
-0.14443074019548646,0.10976004370138866,0
-0.15593876204974955,0.033776872747408926,0
-0.14190442960074404,0.06958075082135667,0
-0.09742813570870287,0.08733778847303159,0
0.025684472986711712,0.024877337528952957,0
-0.10223648138334569,0.10986402900956688,0
-0.07261535249610321,0.14461801201428304,0
-0.11628020553432367,0.0587357270605838,0
-0.0844805538877805,0.07594332320718264,0
-0.02392720107763996,0.12287802947234598,0
-0.19101058570809834,0.027843392529775066,0
-0.17746709953060036,0.11513484753778634,0
-0.15586573306761708,0.023759927677290016,0
-0.06850688546543808,0.04655820850606054,0
-0.1295535101515909,0.06316340469089834,0
-0.12559647114418993,0.07620131470151568,0
-0.06171430897353779,0.07053224410797247,0
-0.12395390219902414,0.05372126549383477,0
-0.11315633886547782,0.06676773025548627,0
0.011703317762358126,0.1634505747871634,0
-0.06664420466758791,0.1313754850162357,0
-0.05716508165401815,0.12570008882367975,0
-0.029949238639352452,0.083913211351866,0
-0.09516422504670018,0.007330535217852666,0
-0.13175312153070054,0.06634037134543652,0
-0.09488669505888908,0.01892902592460053,0
-0.03769315519217448,0.06809326024054008,0
-0.10028941452428243,0.1115853475830973,0
-0.18437397179431486,0.06587962158435413,0
-0.19074632919885487,0.14824704972657032,0
-0.259372622869028,0.23750345202987228,0
-0.28845918513966257,0.12943886503528285,0
-0.27472997699678503,0.14611333481814628,0
-0.3395562659031358,0.08779415466065721,0
-0.27380828410010855,0.1174825042325288,0
-0.36319049086173916,0.08285524037125255,0
-0.19061749145756615,0.14254768925558342,0
-0.3016679739055963,0.1417496441239037,0
-0.3068232915728506,0.10458897174446921,0
-0.3576048258440201,0.09045299683474606,0
-0.24648471726297555,0.10244901341836508,0
-0.22555938320761296,0.001744516256869319,0
-0.20632992469949085,-0.005292201313856322,0
-0.14769167900446756,0.02284562928739891,0
-0.22723361290289817,0.06391374662658432,0
-0.15330312887999406,0.10013233183732231,0
-0.24355211819839584,0.12319239994203432,0
-0.21535663363945723,0.12420310651087406,0
-0.3108320798132668,0.07982760998868507,0
-0.1675851821487018,0.05584920960743254,0
-0.3891182724226143,0.05739208988717841,0
-0.3165405980830532,-0.012835165565259612,0
-0.3868261048491576,0.029363621318372952,0
-0.40465844130237777,-0.04146942791028025,0
-0.3578324662576603,0.12440058580961985,0
-0.4151389576480014,-0.03996066736042883,0
-0.4492522175666708,-0.017799576279026105,0
-0.5263349638742658,-0.007675080674286423,0
-0.4539215582575441,0.017491194901189767,0
-0.3838033120198183,0.05558964496887374,0
-0.43343019122695436,0.1595311910179589,0
-0.4442896494086162,0.11211649182358338,0
-0.4043755913320601,0.08049893772563224,0
-0.42554213375387495,0.11035435253969293,0
-0.4014238156830585,-0.01082584193550773,0
-0.47890499880982246,0.05155452557647276,0
-0.3952386693685503,0.12938166168979043,0
-0.42430538234821785,0.09295397190623311,0
-0.39046890462317607,0.08847157874336012,0
-0.3329875611793353,0.1394780255817257,0
-0.3993164672794522,0.12599954448437437,0
-0.37692416712242094,0.13993771995722856,0
-0.4577457477098937,0.17576915958355604,0
-0.43124872570901707,0.06701568080629083,0
-0.28500061281274947,0.04966244367370949,0
-0.2969271369720782,0.0861047049894218,0
-0.32802548879882254,0.08824636318514403,0
-0.3098676641982011,0.10652923831854012,0
-0.3852718814616761,0.08340749856083493,0
-0.3317111885431949,0.18581572222050632,0
-0.37233966900208104,0.2114805554915981,0
-0.3791064250895959,0.20533108255054938,0
-0.3261413321051554,0.19460850024177234,0
-0.3788639797984938,0.14633454783156313,0
-0.3194295265397563,0.09423340354711812,0
-0.3387177315047288,0.15943775789129608,0
-0.38231576876845746,0.21136607016505293,0
-0.4793380682732071,0.18969934493193505,0
-0.36586373285693585,0.11413336417324267,0
-0.389217814584159,0.1467934337141475,0
-0.3812980074598758,0.19115855723856817,0
-0.2464524849041853,0.03370072937324031,0
-0.12797536747124316,0.08763559047595344,0
-0.2487693833371581,0.11585651924815274,0
-0.20118371885444453,0.043533715595720335,0
-0.2093721725714637,0.06482945408349927,0
-0.2598398989112791,0.17300251868140387,0
-0.2095407960260644,0.23270925083359342,0
-0.22864188287321593,0.17430696940174323,0
-0.30236180181553596,0.1258368865260379,0
-0.19724239556358386,0.1020406950198244,0
-0.28227102475287946,0.10752248612772258,0
-0.27922682330201337,0.1383825735727697,0
-0.24460495118154968,0.0774460047070751,0
-0.24177038539323253,0.08091429063268013,0
-0.3399607299481782,0.02533031278559368,0
-0.2880449153753007,0.06134184234647406,0
-0.3178515821773044,0.13459163269329635,0
-0.39653384312299766,0.1495578132626134,0
-0.30481159514985057,0.11662311613406336,0
-0.3881702299447187,0.2201850032611748,0
-0.2926347065577695,0.22618844236008126,0
-0.31341128415412717,0.16009390762106185,0
-0.37398352596028345,0.19010716059470123,0
-0.35852976815130216,0.12486909675761873,0
-0.3523378629717466,0.15011187326233819,0
-0.3089541400348612,0.17573564827082644,0
-0.31016600411397227,0.17118805480477078,0
-0.24397673736395153,0.10462006205825032,0
-0.21920857720172407,0.12284297673368944,0
-0.29062181510180024,0.11249031391780172,0
-0.3461905060931085,0.10796325004037415,0
-0.30070523362836055,0.05545192597794032,0
-0.28822066194981405,0.10572023092143261,0
-0.29243076889555825,0.10420982463102745,0
-0.23487835283727876,0.0771288042342965,0
-0.3329828996490401,0.22016739791292628,0
-0.34222774738287726,0.16897526615762848,0
-0.3284322280330745,0.16529682258713196,0
-0.28563123378403366,0.050797973556857265,0
-0.20508906422401488,0.06798344014579501,0
-0.27422586528355614,0.046255028803369305,0
-0.3125094661946706,0.056319934612215294,0
-0.3490903685892474,-0.02011461052259708,0
-0.3867184464528579,-0.018848280396865796,0
-0.42454980433117356,-0.0059813383152502765,0
-0.34376516100064636,0.01212390686390048,0
-0.3891055481531749,0.042445950105600566,0
-0.2486011250165535,-0.028714905065369403,0
-0.382696687737858,0.02808146025051527,0
-0.4769628578954819,-0.06179177569528672,0
-0.46962899232975275,-0.010232621419366143,0
-0.41479172370631673,-0.019448542619975633,0
-0.4326007367835951,-0.052211251824697553,0
-0.3256958766493635,-0.006882743788252717,0
-0.4320009324437076,-0.024183451763258104,0
-0.46418864821019445,-0.16463025270741172,0
-0.514405686427506,-0.031326430828958,0
-0.5494829903400902,-0.03347708091046811,0
-0.5103848996567238,-0.0053469886899249405,0
-0.40544665328092744,-0.009854643525797447,0
-0.5014190510752692,-0.06897412259871442,0
-0.5063115787484282,-0.007911482052090642,0
-0.4085384545369341,0.044229535343082174,0
-0.5007066297009516,-0.03550225234916331,0
-0.44704203237176854,0.0697912925111452,0
-0.5156316320810487,-0.009469567022417177,0
-0.5229745671408275,0.056693075223694295,0
-0.5486112726732945,0.05824713853373179,0
-0.5143506624169785,0.04732544474288555,0
-0.5185134562822591,0.08983101872148849,0
-0.5618725383550741,0.022759498624268015,0
-0.5395142226534272,-0.0216225151229697,0
-0.5270121491913139,0.046930860758653006,0
-0.5252640208919717,0.07127803593535254,0
-0.48803947075981613,0.1360162431750005,0
-0.6210012418294641,0.0227486918135842,0
-0.6222440936178021,0.10377326852117082,0
-0.6045279841752674,0.08986952854674805,0
-0.527685421062219,0.06141325147995488,0
-0.5761489353223506,0.06471732867424257,0
-0.5665286769471107,0.16032610062494118,0
-0.5188475138152197,0.1834893671656429,0
-0.5172192675411712,0.16179633927340117,0
-0.5983566143887106,0.18010621351415312,0
-0.6491523627205855,0.16477408660828446,0
-0.6100254061155749,0.1489722987356716,0
-0.5264103112140138,0.16104586630251158,0
-0.5813662788773734,0.13265350844834603,0
-0.6176410566316982,0.061857199089249665,0
-0.6292806510717095,0.1143333725723662,0
-0.5993894908956583,0.07871883871019691,0
-0.5885035362622053,0.05378366625863703,0
-0.6593764849885602,0.017887535838897253,0
-0.6754240706592697,0.09087335984745654,0
-0.7311351519699676,0.09110663010051587,0
-0.6940803775595077,0.07315512117642442,0
-0.648413793508456,0.11187567753299013,0
-0.600078705916273,0.20201089549508644,0
-0.5960467987361944,0.15184032824560117,0
-0.6739359068305715,0.21083936505308068,0
-0.6146248127797422,0.09419259450560144,0
-0.5187152372261362,0.16422664611629578,0
-0.4830916187108938,0.1421075799422024,0
-0.48499637685681635,0.07453965993900658,0
-0.47379223161980677,0.053698004927961854,0
-0.5243370836287767,0.08899918995259964,0
-0.5636238165403747,0.09951620856354537,0
-0.6210345904618401,0.13373668553916226,0
-0.6525074726334353,0.189253291969805,0
-0.613072072227881,0.15896042847401456,0
-0.6057750666590149,0.09124494331910396,0
-0.5773237887861943,0.08303200615300173,0
-0.6544324683642424,0.1601121804594544,0
-0.654010714594392,0.19612121666676174,0
-0.5268172726107565,0.23519082665718521,0
-0.5310427221051622,0.19140306339729468,0
-0.5279775303493303,0.2663780798541686,0
-0.5715818458411434,0.2859246823702902,0
-0.5532989988555133,0.19480952536405008,0
-0.5407678081194178,0.17836210290733528,0
-0.504393896547139,0.24137202099185387,0
-0.6365989891628848,0.23530955776375082,0
-0.5734847014703899,0.1634941636318139,0
-0.5348452336196446,0.2624317126221986,0
-0.5097579978563328,0.22041356197534862,0
-0.49988401137248734,0.20051827365252833,0
-0.5436970955044642,0.2346013736872748,0
-0.5998449548788645,0.2683656481057022,0
-0.5489131582344496,0.188317936999721,0
-0.6034262914612074,0.13879297127427814,0
-0.5736664527581722,0.1408505397383053,0
-0.6081606196148889,0.1957171657999882,0
-0.6152880216345492,0.28051814333477787,0
-0.542137605095016,0.2198568968893027,0
-0.592310431165455,0.17524894539071145,0
-0.5521099993432156,0.12072704110137339,0
-0.5167706482482154,0.08214062153780854,0
-0.6235671950802666,0.08573566607769884,0
-0.5612958914739274,0.12318640990868698,0
-0.6172936480237589,0.14333735268071573,0
-0.5042957261379558,0.22681059448528915,0
-0.4856698205115211,0.1828708680587535,0
-0.46106242712422835,0.06877554550580971,0
-0.5548398681991814,0.08843080370942757,0
-0.4642872720100879,0.15373563012996505,0
-0.45208044864614905,0.12362604086951341,0
-0.4672040117329086,0.11706206724538197,0
-0.48679043837728214,0.15539646626873996,0
-0.461926925696024,-0.0023122088489359593,0
-0.44544712773932693,0.034178120728224876,0
-0.37698567576140946,0.13968049875328137,0
-0.4575276988573235,0.12813276736653786,0
-0.45744452481294895,0.08187993374687533,0
-0.40172671965379547,0.04754538909433797,0
-0.39830999340478074,0.06788051619226379,0
-0.5330139825394113,0.04023501864601309,0
-0.5677344555398777,0.0682597637602639,0
-0.48417170345153837,0.057163660594531644,0
-0.4477949116097093,0.09382546138856071,0
-0.4422483129240223,0.043336155651896996,0
-0.6050228010797558,0.16549645750825176,0
-0.5691927886258272,0.07150552600713213,0
-0.4854073318915155,0.07378224820531597,0
-0.47439898725953905,0.025574048474772106,0
-0.5103547668547973,0.0397616728657422,0
-0.5277778703299347,0.1275277372601552,0
-0.5124138641909755,-0.007408877756003324,0
-0.46396872107701304,-0.0860080917056122,0
-0.4815573488434778,-0.04615923457033357,0
-0.5439014006910716,-0.018600698306087196,0
-0.4951852249675716,-0.04445857022929575,0
-0.46408516957204926,-0.059224743575403624,0
-0.4192079935209234,-6.957751143144703e-05,0
-0.39487741035415347,-0.034940464731564716,0
-0.38352660191535537,-0.0583998672833565,0
-0.4976401930491923,-0.06663513772487129,0
-0.4648921634571279,0.010720904379913798,0
-0.4342491460285015,-0.011937118567584549,0
-0.43561201650871095,-0.07764212404237417,0
-0.423443776711662,-0.02937914320762673,0
-0.4294185246497271,-0.07241648378408597,0
-0.5285382386665923,-0.06127718983695029,0
-0.45046893071397465,-0.078145469253693,0
-0.4030938333839388,-0.024167802608269215,0
-0.4958341836534805,-0.06471604123614318,0
-0.46980472902484327,-0.013250812428225171,0
-0.44756576123537395,0.03816728312969667,0
-0.44029050503123573,-0.01424938280486849,0
-0.4942753599215106,0.04368108091971782,0
-0.45451750456048934,0.09916972021237283,0
-0.484496428403681,0.05519567370602723,0
-0.46932100712538444,0.07656664198672505,0
-0.542993984386149,0.06254770476115007,0
-0.5040533894130319,0.0578603071086825,0
-0.5242280222458215,-0.08202124970493233,0
-0.5192098277718353,-0.10250760868143696,0
-0.5470388189032254,-0.050481873330285296,0
-0.4807457463514021,-0.03654437509225056,0
-0.40819199159896025,0.038264175399466124,0
-0.34236557611891605,0.1433781274904355,0
-0.41221084975440486,0.07071500644473401,0
-0.36781227632516034,0.0711404398303553,0
-0.3580283478423426,0.042987854264467884,0
-0.44235401345986836,0.16569620272293212,0
-0.4859266449009768,0.11994494134203548,0
-0.4901615040976367,0.07835425701738018,0
-0.4808382468180087,0.13807562319962402,0
-0.38734174803424326,0.06937934295652641,0
-0.47505257882528484,0.13184953762974844,0
-0.4976213942857225,0.17050431032244195,0
-0.481729187926887,0.05858071831453021,0
-0.4562811340569409,0.08159525611066155,0
-0.4668023590785609,0.04293154543604843,0
-0.46133693925547015,0.04063205005722033,0
-0.4068627197992574,0.08125280708244029,0
-0.474145797728223,0.007407830767829415,0
-0.45606240840985773,0.092750097605041,0
-0.5118847776332182,0.13865671264712515,0
-0.5177416658837165,0.08926043019033975,0
-0.6130122988100153,0.06753916534364013,0
-0.5302349203772245,0.05839176650273153,0
-0.46082313524035295,0.0043657265146356886,0
-0.4669111527939137,0.04956099963497613,0
-0.4576131188081717,0.063925920107649,0
-0.4896896713098089,0.08376561609454213,0
-0.42231563445313053,0.06879603014265308,0
-0.485900891950808,0.05339890858507223,0
-0.4474167107348554,0.017574483123623585,0
-0.4377227009660884,0.01601406492119925,0
-0.3895447318902667,0.021424108708384616,0
-0.5016800482029028,-0.021393686718512116,0
-0.49392184863468863,0.03769904062686394,0
-0.46539807935641875,-0.015630951284552323,0
-0.5225104366913653,-0.02347075717065016,0
-0.501938596435939,-0.005610631484322549,0
-0.4785161005217716,0.024592122730520596,0
-0.5730793359343666,0.13056718986169558,0
-0.459579023962488,0.12330146085944099,0
-0.5040686304757183,0.08031071188046639,0
-0.6405187986482117,0.056404299769757985,0
-0.5688236428627564,0.027847153978353426,0
-0.6510164870097628,0.13860023452742504,0
-0.5847951014470931,-0.0056880688837132876,0
-0.6520311923043486,-0.0015756970638428512,0
-0.6458942666246701,0.10742855089909482,0
-0.57637630413168,0.05893850571991337,0
-0.6091581651162018,0.1653286713282549,0
-0.6771643094825467,0.07728300352732728,0
-0.6727987591821962,0.0787809153626628,0
-0.6682244058404577,0.04347884237262807,0
-0.5943700093341407,0.07052021595742895,0
-0.5671746555571606,0.08079727961862422,0
-0.5945831936951036,0.04566508970713425,0
-0.5528700488657591,0.046270561922980444,0
-0.5862406842209775,-0.06262891901284096,0
-0.595663561026362,-0.02274076497546937,0
-0.5541770002629349,-0.013296087586355894,0
-0.6160933567527568,-0.05599653968585485,0
-0.600252641276312,0.04811892093943484,0
-0.5058450051520824,0.026527210079961627,0
-0.4937802956558154,-0.03364610069435506,0
-0.5051695878565385,-0.06103473466791849,0
-0.41252173378711665,-0.08441022715071599,0
-0.4394162335207689,-0.115269534953236,0
-0.4605483891692216,-0.09300089005123474,0
-0.4357275852737268,-0.21088738611135738,0
-0.4567500703423555,-0.1623788641833602,0
-0.47443434634949294,-0.09733510534110124,0
-0.5066134342944407,-0.05990279301934795,0
-0.4413171045139982,-0.13115829317231897,0
-0.48906781934147575,-0.08948196311877742,0
-0.41955807528607736,-0.2260442837242374,0
-0.415147985314973,-0.2835407931545161,0
-0.5781158596868498,-0.24642791485871188,0
-0.5688137213138484,-0.1930565640270181,0
-0.5782594772363906,-0.14667187717062466,0
-0.6489917034794715,-0.11747344998800106,0
-0.6578696477038268,-0.15906841151537943,0
-0.5943705670064765,-0.06595317122960624,0
-0.49159646430461723,-0.15270959017978214,0
-0.5521033819959864,-0.058233065691376346,0
-0.5080682034693788,-0.11959146090040354,0
-0.6351008916062394,-0.05808542106345915,0
-0.5294744609253467,-0.037037151927244175,0
-0.5110411874919065,-0.07646495185521082,0
-0.5401406055538828,-0.07269357702013361,0
-0.5614926146281088,0.03622496413504367,0
-0.5551454207566731,0.06884235067838954,0
-0.5488249303383071,-0.010215827595552202,0
-0.5357229954782537,-0.08692287228937157,0
-0.5295666169565648,-0.015781095698211914,0
-0.5338886604670354,0.030879025647319744,0
-0.6630880783454377,0.0786737159157466,0
-0.6185985783868384,0.01958561791570259,0
-0.6355159861763933,-0.03599054909346907,0
-0.4773378109742921,-0.05620124323208079,0
-0.5907801510553806,0.02124235914079966,0
-0.5973028068737752,0.047047273448478664,0
-0.5822264758815348,0.021734585474172625,0
-0.47043441280763193,0.12147447728313904,0
-0.41744962518006745,0.02879350424192434,0
-0.5602142682568958,-0.026932887831386233,0
-0.5072749308192548,0.007068414566294014,0
-0.571755206005586,-0.009843892390874368,0
-0.5603385867080561,-0.008741969703848357,0
-0.6283828836742523,0.03700409014404461,0
-0.641503206894075,0.042540604599070525,0
-0.6377614606908968,0.04394564035980147,0
-0.5977764099360212,-0.0010504351910320883,0
-0.6884146696341934,0.03430733456756942,0
-0.6319057781796853,0.16590148540389055,0
-0.6112055418123263,0.2267729422776426,0
-0.6088861861201823,0.1810196251622622,0
-0.6194084576881731,0.09699438082245578,0
-0.646664357806324,0.06993528734938385,0
-0.5415140838191689,0.06733736910120473,0
-0.5299168681275722,0.017654311461759595,0
-0.5753557520159573,-0.01830383216482926,0
-0.5423072341453082,-0.023518709594522208,0
-0.5843610257323145,0.021766296501647416,0
-0.7026686643390936,0.044629227164057705,0
-0.7865528929856572,0.043765062100941984,0
-0.6320198420683402,-0.07458144710580014,0
-0.668805970123341,-0.029571342116405386,0
-0.6183688709401716,0.0183043106682517,0
-0.6176855449336297,-0.08424700295561136,0
-0.5764078405193545,0.041856159403259124,0
-0.5471412819141576,0.026035737599369186,0
-0.5882359389084645,0.009715027699451175,0
-0.5709298098092112,0.010223067230339503,0
-0.5967155386210178,-0.05382574512368396,0
-0.5245657380213642,-0.0488960508165848,0
-0.426836145994312,0.0032061646029164295,0
-0.4740159841133623,0.0034889861917450937,0
-0.6091843589875942,0.130102438709238,0
-0.4947524498571867,0.05315016956268262,0
-0.49234559295150265,0.1256874235144906,0
-0.431075884814919,0.009108590993686674,0
-0.4155255398487831,0.006764520494334241,0
-0.4339828751162343,0.03990918625835613,0
-0.4068176170991038,0.00604396648046799,0
-0.43429516588635103,0.013346694166790745,0
-0.3971398241642731,0.0857191516100047,0
-0.45282077196178017,0.03224424128594083,0
-0.44767278316194486,-0.034418237109194824,0
-0.449810308113486,-0.025651177137425804,0
-0.5097214606119471,-0.03420402676786233,0
-0.5055159903175171,0.01615818088492009,0
-0.5562968936835997,-0.08701065366939098,0
-0.5445022019006885,0.0022941769426283176,0
-0.44760475311295517,-0.04965268529713598,0
-0.44091078992101584,-0.025294550656513756,0
-0.45251913861573395,0.07456010225468171,0
-0.49564957431652107,0.027611571353050687,0
-0.5488776066956519,0.010480000531731173,0
-0.5397446983417775,0.02030141242727964,0
-0.5656625554384342,0.012737119397650144,0
-0.46194343975151764,-0.026351047779013145,0
-0.46510546005610043,0.043010846080637224,0
-0.40860559767754445,0.01599688554413142,0
-0.5067956564283765,0.047023122754182516,0
-0.4850960758470535,-0.005296147658924229,0
-0.46833716781147944,-0.010852267509474295,0
-0.3925984388552766,0.052096006905864994,0
-0.38022022992623844,0.08766290045295687,0
-0.35964954196851145,0.08411401869765886,0
-0.4156070942233528,0.07443027081532567,0
-0.3615224507111538,0.09540459355772989,0
-0.36491485296372767,0.014009767672129456,0
-0.420485586180603,0.07374596122074056,0
-0.4064613296542541,0.08403879598428386,0
-0.33944292281812516,0.05153416853302765,0
-0.41938613689011117,-0.024065420908157227,0
-0.29448864442204875,-0.019557033164600883,0
-0.2774413156842976,0.06359245987524503,0
-0.2741895563364892,0.05330040120541571,0
-0.25619504151519,-0.02358404441033221,0
-0.20942261541502655,-0.06721087401130238,0
-0.19692839083616043,-0.03573484930778672,0
-0.12265918152292889,0.0393152645317831,0
-0.15476567839352784,-0.055127458070780726,0
-0.1907571291992799,-0.08223134806514312,0
-0.27765283927678225,-0.10165375813574862,0
-0.2513691215244371,-0.045466448508789795,0
-0.23512151037682927,-0.04139277743594738,0
-0.25677178024320907,-0.16615498076024077,0
-0.24690653885960684,-0.11315364265683305,0
-0.27968703525888833,-0.12446288909452251,0
-0.23624643632212056,-0.0745482530190206,0
-0.33932849323367187,-0.07624365739543248,0
-0.29534296528640613,-0.0643674582531759,0
-0.37534603589160925,0.048314355778801596,0
-0.44140422769508203,0.09915599431029684,0
-0.3508714490933216,0.04636837652601587,0
-0.27100099910390396,0.009800656473708404,0
-0.28293179611234215,0.08989550672636001,0
-0.23329580614845236,0.049229336608853445,0
-0.2985251109248047,0.10424270048013215,0
-0.24533449629798804,0.06325573013959399,0
-0.34220459127775016,0.16985546560776,0
-0.43560665328087617,0.058343703001652494,0
-0.2981413851488046,0.11643015128928876,0
-0.31277351618967136,0.0786108892085422,0
-0.2082606401683058,0.09576616843837099,0
-0.284125148492284,0.1480470448856576,0
-0.35557200786034876,0.1124043694856908,0
-0.3876313010759021,0.027850007979523084,0
-0.3678139004257909,0.054662669849674314,0
-0.3440160610541121,0.09397990704742018,0
-0.38295094700773896,0.17687621031492606,0
-0.43817945523710183,0.2745847390451768,0
-0.4166702220211558,0.2218505517682502,0
-0.49714405477952517,0.1859975691199473,0
-0.48635774208450605,0.28408517109142106,0
-0.500716337433121,0.20557213474569502,0
-0.4195848403319907,0.1063506415256957,0
-0.4517396427055521,0.20582543597069217,0
-0.5377026098382184,0.17056739900064988,0
-0.45931385618716314,0.15307719911577583,0
-0.4710775916119504,0.16819733990185212,0
-0.4461037351360685,0.11110889288547993,0
-0.4614259386658141,0.111139362940422,0
-0.45768971732075847,0.09010255540106378,0
-0.4561074366050481,0.08268742286800487,0
-0.5157347658111965,0.19085063782429093,0
-0.5092945115078219,0.07170575181128527,0
-0.4772542801289526,0.05832236323731067,0
-0.48520810623101623,0.019983477154900772,0
-0.5007195451729327,0.06789504697379473,0
-0.5420484166335304,0.09897559699280305,0
-0.49415291182475696,0.13388972675713692,0
-0.5180234421285878,0.22373435147165296,0
-0.4594612707183559,0.18132153829901942,0
-0.4130674262344501,0.11601434677876593,0
-0.45114636193404667,0.12041807583262927,0
-0.5065211182008248,0.12741201148010992,0
-0.5179323386621841,0.20085752481653363,0
-0.4165123370585432,0.1113726445298587,0
-0.528673177759009,0.052928881255125244,0
-0.4772325944293587,0.018414767219566974,0
-0.3903784099468749,0.11590911930217047,0
-0.42082756951550515,0.07121573158756911,0
-0.3414217699154924,0.058188568013133296,0
-0.37421900023594584,0.04265191088100205,0
-0.44498803344348903,0.04066169956639141,0
-0.3739506929465447,0.13186160461776356,0
-0.40421382313766474,0.1614973894447157,0
-0.42997119807623707,0.04548808633764573,0
-0.4715164549466599,0.07391352478421506,0
-0.44784165919982205,0.0515113526365753,0
-0.4267617899726491,0.16374303488533504,0
-0.488201201357736,0.18935475392057907,0
-0.4311104447367609,0.17462736039085083,0
-0.484365239835442,0.25194002022668005,0
-0.44207504514043766,0.22679805167029682,0
-0.5270724270255789,0.22598312514499264,0
-0.4899319891339498,0.2466036774788628,0
-0.5155308982389016,0.1459245521595655,0
-0.5560135967402581,0.11797910756942215,0
-0.6198273060136184,0.029139119177075373,0
-0.6070164229282284,0.13892162628296778,0
-0.518138980630624,0.15414837879882876,0
-0.49976214397401025,0.11424953622586986,0
-0.37875873171225205,0.03296943967662018,0
-0.4289330263818056,0.07984329104266258,0
-0.47434850647344207,0.11155330654075796,0
-0.4089154314031808,0.10099363367760514,0
-0.43485955817272615,0.1775844819451187,0
-0.4335301577293923,0.1831636072935658,0
-0.47503164678153076,0.10079143130733986,0
-0.3951900513010011,0.1185203478214077,0
-0.4451308673652861,0.11691641413099232,0
-0.3950871421853388,0.06670703360211787,0
-0.3554845960452587,0.07297627304420978,0
-0.36895879467977677,0.0030229986594054042,0
-0.45568507048172335,0.024850442855921535,0
-0.44624960897294236,0.04997367187988371,0
-0.44204913989880706,0.04009728613143857,0
-0.3659982879879654,0.0847884679773207,0
-0.3128307254322831,0.12166329800617537,0
-0.2895113657323276,0.08602902659719036,0
-0.3089580735779271,0.06904128504156101,0
-0.21574514480901505,0.0918640641553765,0
-0.32093067844769185,0.09060308310681273,0
-0.2610128211045539,0.10921742077999416,0
-0.284731697497602,0.1946061715254947,0
-0.3292598362084127,0.07592438562978125,0
-0.3054249286840208,0.0221898465455911,0
-0.3521238002620094,0.09925830351096462,0
-0.36343423771386607,0.07653602565048012,0
-0.33768065958551474,0.15768669026281645,0
-0.2996606620858723,0.11790268961517922,0
-0.2667580118009605,0.14277672135070993,0
-0.2028928441898159,0.1561002494636395,0
-0.28480552655699715,0.14831467094711068,0
-0.3592335190295864,0.08678300738633567,0
-0.36266419824102897,0.1836926823522832,0
-0.3247006355048601,0.11342512461087083,0
-0.35512781493415657,0.16554035643437,0
-0.36762304035938415,0.07467428488364093,0
-0.2889405882038741,0.1734855879108932,0
-0.29306316365406404,0.17819168783221012,0
-0.40512862968318586,0.24416047304756433,0
-0.41185677351134015,0.12988996729673,0
-0.41875285870199214,0.1714520083771593,0
-0.501779035811462,0.16755426654071057,0
-0.449303033418897,0.06819489840150746,0
-0.4040656497929044,-0.055656964350495844,0
-0.4618093077320159,-0.0249346230530313,0
-0.3917106848441945,0.004671529813355276,0
-0.34368100352471176,-0.036607176510690426,0
-0.3989444667639215,-0.015481600364096442,0
-0.42547605632221214,0.0015619931250733902,0
-0.44806159251828437,0.07209262127827806,0
-0.38163875493955524,0.05429997785497424,0
-0.34219611306280917,0.13559971624858547,0
-0.35791537732105894,0.0550381623544951,0
-0.3662654253938797,0.10161302170967548,0
-0.3037463054864961,0.05764234245031406,0
-0.3525436455933143,0.13764249343531948,0
-0.3939049692258858,0.1554683100485538,0
-0.4301607011532487,0.1485125481727684,0
-0.5597990243909654,0.12419887235987809,0
-0.4034656806301037,0.20127344602739444,0
-0.4531863527004572,0.1839128208022,0
-0.5056599071305963,0.19313627314416545,0
-0.5186206160349182,0.0540594679071931,0
-0.4299411887992329,0.16327542943958,0
-0.41624503299477106,0.14746807570019999,0
-0.4797020826515494,0.04914938651250089,0
-0.5122593138186599,0.11572887155963793,0
-0.5599609610082337,0.15538311648876676,0
-0.5658288116808391,0.17272887932803388,0
-0.552600363696588,0.1418497438643748,0
-0.5806191275086471,0.19294057530907247,0
-0.5841764641152828,0.31196421101303856,0
-0.5828010038852309,0.28421337835173754,0
-0.5992997908673502,0.22823980732841775,0
-0.5318568098657745,0.16215128718599686,0
-0.5591729472121176,0.16594871661398433,0
-0.5271074634394781,0.1486859776266272,0
-0.4783505868680092,0.06636685933763911,0
-0.4779887393435924,0.12077049440240653,0
-0.4396314218326035,0.24828089943668855,0
-0.5459324202237243,0.13930845299389233,0
-0.5899613384789999,0.13483223519477902,0
-0.427818131083906,0.12114216647760455,0
-0.4112607176143109,0.12638771370468802,0
-0.5215954571876273,0.16236955272871464,0
-0.4333489605020937,0.05746368594448985,0
-0.4478606632814354,0.002528689389362959,0
-0.4609873039341989,0.03373335637391247,0
-0.38064418774052783,0.048955147707750765,0
-0.42872333864387624,0.05008707877110852,0
-0.4760783012249213,0.08545842222096553,0
-0.45878213837076814,0.08271366371197349,0
-0.5210785544606187,0.05484396894212118,0
-0.49609646030433857,0.0670785933130833,0
-0.48157482903291643,0.04626615899342264,0
-0.5109846644057372,0.03239356060661209,0
-0.5223164580431079,0.08694124035205986,0
-0.4957233489874423,0.06430287545942534,0
-0.48643788564100077,0.09595601121300751,0
-0.5057848641972751,0.05633730844789282,0
-0.49004707113896834,0.03701030975459922,0
-0.4260454097724029,0.11503309010907209,0
-0.48964132987878634,0.10315853628157307,0
-0.4731603346406491,0.0775778890049185,0
-0.5092834568798449,0.006132212012590829,0
-0.4960600293356786,0.02292743166894615,0
-0.4960819877865338,0.07244637991884537,0
-0.5519574102554003,0.15460913972986973,0
-0.41682288790334854,0.32769930528706964,0
-0.4377807695327245,0.2177447694975516,0
-0.46807446317114326,0.2009116472847556,0
-0.4333465157307761,0.18921701599760427,0
-0.5322471460310292,0.20973727832948186,0
-0.6273305827448595,0.19258536869006265,0
-0.6106634849980256,0.23030286906652428,0
-0.6244288991386212,0.2147252182173337,0
-0.5882873806651298,0.20666096596064415,0
-0.6390956635236184,0.22687243440726512,0
-0.6388590655443341,0.28478871630060854,0
-0.615753078695159,0.23034492224870112,0
-0.5821587052897547,0.11666320135446745,0
-0.5716669193053384,0.19014762741109814,0
-0.5072556593408188,0.24017511904918726,0
-0.570226792217025,0.23735043148754162,0
-0.5050667755386331,0.2083000194857994,0
-0.5854244755954001,0.12640394395314297,0
-0.5817494470207284,0.22555974586431157,0
-0.638469559943256,0.05354747823049891,0
-0.5557143900126703,0.09219511014154955,0
-0.5620829965332022,0.10449087059361307,0
-0.5770697383224207,-0.014646335113413247,0
-0.5497833552326569,0.0491403615298963,0
-0.6073079020599761,0.07811172948545894,0
-0.6861006393210153,0.03006674177209305,0
-0.6040548282065187,0.04132770093449847,0
-0.557301715394478,0.05350782531312637,0
-0.692398236556319,0.0250358421746155,0
-0.6742283483973217,0.18943951242188337,0
-0.6464842381261529,0.10051685604611735,0
-0.6403978990827468,-0.028634648003741964,0
-0.7040809178525632,0.04594366675883389,0
-0.6820733909897332,0.0668866250588641,0
-0.6641817995600293,0.16401800419146695,0
-0.5761043547691647,0.10334805323864146,0
-0.6341713970520937,0.026571727759168315,0
-0.6557976146954998,0.1509272099194131,0
-0.6071719087205297,0.0815928677819898,0
-0.5976694201924267,0.16817887185216263,0
-0.6031617671342782,0.24387671254444784,0
-0.7042959823819598,0.26410803555374035,0
-0.7023448015543732,0.321239308099381,0
-0.7234117255657969,0.31583434374604696,0
-0.6934741488595768,0.29232923432309676,0
-0.6465740396017798,0.27681555167680755,0
-0.6108131576992788,0.23541403848332232,0
-0.6417383600804324,0.2778563774645936,0
-0.7057449101719219,0.29881667515390475,0
-0.5640313633946263,0.28136881936189084,0
-0.6646386749239903,0.3310767637786784,0
-0.6238890121044703,0.24898474751925787,0
-0.573106323307874,0.28442615387253145,0
-0.5639905645184218,0.31714274844088886,0
-0.493032995124529,0.3004771642097344,0
-0.49074468881707345,0.2598154620864759,0
-0.504766160998933,0.3895672646405942,0
-0.37305255732314013,0.3538678628708351,0
-0.42351612850431675,0.25568648049326115,0
-0.4927457052682605,0.24580045958727093,0
-0.5121183140263265,0.1955001759141034,0
-0.44350710040696406,0.2827654791958576,0
-0.4084443843300925,0.36921495181178365,0
-0.41482050439254475,0.3612992084693625,0
-0.42573365336159125,0.4175291284383906,0
-0.4906169028260726,0.33466195169517265,0
-0.41569836764325546,0.33555607641888324,0
-0.5220812852634128,0.3553447962248522,0
-0.49623744275956116,0.22987628131029142,0
-0.47553070219052906,0.276150264746474,0
-0.4912697085067972,0.30186508524141,0
-0.5598981483683558,0.30193024701608107,0
-0.4642901279281694,0.31751931698295566,0
-0.5248843124688118,0.24960345568755793,0
-0.4919386705575496,0.16744557593785048,0
-0.41826123688612366,0.22153559795003328,0
-0.4805417102697203,0.18467151327029466,0
-0.4476996936261664,0.24275403110925217,0
-0.3560826087320025,0.1712807114027003,0
-0.3883298605528577,0.1051396478108047,0
-0.35494669660520867,0.08637834301691627,0
-0.37618379496861304,0.08197085516677496,0
-0.37973881660327163,0.07286829396698935,0
-0.5195748756201531,0.1564607894012946,0
-0.43993668424014176,0.11078262173006642,0
-0.3939243196905913,0.08820558872111588,0
-0.4412731993687434,0.14245795456142096,0
-0.3971539798362157,0.3319206273733071,0
-0.3514670400667312,0.2529003508959093,0
-0.44028574736586634,0.1894745485373025,0
-0.44644508922789455,0.22854813734141005,0
-0.4156847152179778,0.24141230809039263,0
-0.4992921751159637,0.23049919789984977,0
-0.5395644249638845,0.17320285221882817,0
-0.553479948953,0.23475505131143715,0
-0.5393737422362745,0.20774827249082883,0
-0.532988735575096,0.13927378268936647,0
-0.598806201743812,0.19597260156539614,0
-0.5522312740082773,0.13399510224790684,0
-0.5575753693852415,0.16796807900049776,0
-0.5997163523614302,0.3033758841462022,0
-0.5020636862191301,0.2507092801290054,0
-0.40011069965045104,0.35913569785998345,0
-0.43048656224678583,0.3738613297937458,0
-0.4565362552070814,0.40745467397639534,0
-0.385196166325832,0.24081486812813513,0
-0.3835445188440112,0.3436258408680796,0
-0.4048967257179952,0.2981928243663158,0
-0.39724929518513635,0.3303253001481046,0
-0.44419696259316355,0.25512119404672584,0
-0.4323348398902561,0.3219657007037676,0
-0.467379716683396,0.32955250018346105,0
-0.48817191512515934,0.23041551442449273,0
-0.3918490987359309,0.19997752436207653,0
-0.43115089502888865,0.23293520983376226,0
-0.46361444102838806,0.2685673928873853,0
-0.5343958322484238,0.2993610859940931,0
-0.6042410564891185,0.3007696334312435,0
-0.5288261159410905,0.2501229712527208,0
-0.5126021917009842,0.4575721918357476,0
-0.40992667589105947,0.30840444388485755,0
-0.4040040562102976,0.403042714605426,0
-0.5237068149645271,0.3582459756734307,0
-0.5313164502049023,0.31622664950194346,0
-0.5498183625046512,0.24989088597241133,0
-0.5332327645736158,0.34051345003249495,0
-0.5377832214775664,0.42557332833183903,0
-0.4990841203469095,0.37407666177545756,0
-0.5178537166531019,0.49417139723568054,0
-0.4737820849551259,0.41392497364658326,0
-0.5601340125778987,0.3875969227299816,0
-0.4969581630427118,0.44687499865993835,0
-0.46771488739301614,0.29809382334787515,0
-0.40783227585189397,0.37925586689275725,0
-0.3844185373370607,0.3129009825966596,0
-0.37875085379131435,0.25386967801736837,0
-0.401541328683483,0.3137387645196569,0
-0.3914636102961338,0.2874190692737567,0
-0.4117773800952506,0.2363981999217596,0
-0.47670383625779156,0.1797513582471984,0
-0.35544632637342916,0.3048926746573962,0
-0.5223144578853124,0.2437632354997292,0
-0.4165741504306099,0.35784728020547274,0
-0.43069028358132816,0.2827989014264783,0
-0.4341796521902184,0.2513505659705138,0
-0.4281098250250622,0.2419918187214933,0
-0.34591588948102836,0.2968002417526853,0
-0.4181868715623763,0.2793335484340491,0
-0.40610334166284884,0.2475779208108671,0
-0.3698205790361832,0.22293789852851592,0
-0.35770211906571486,0.24095264238536906,0
-0.3561938633324046,0.3335159524411415,0
-0.48266898539630576,0.24110638614385885,0
-0.5855556294663026,0.23138225064778073,0
-0.6153387403133975,0.38144773455409575,0
-0.5095497877201289,0.377839079757161,0
-0.5231443349126873,0.3713295623866773,0
-0.5242545223189368,0.34594740238868377,0
-0.5713284167907354,0.3254311942630818,0
-0.4862683823134889,0.3611660078832352,0
-0.5080407853513181,0.34988584687130847,0
-0.500339760090004,0.28549602607665614,0
-0.48699929124411473,0.20087534119481243,0
-0.482160575192786,0.1932804303603601,0
-0.5491289815912361,0.2543081163906315,0
-0.5242110200180363,0.16776181869368434,0
-0.5630910406579006,0.3215659114907168,0
-0.4895165070118023,0.1716417372822638,0
-0.4653522952505256,0.134203542180186,0
-0.4654738933107631,0.19938030282701596,0
-0.44376878309491424,0.04366988026745108,0
-0.42910995968866245,0.18506281517009215,0
-0.500406054652663,0.06445349542400523,0
-0.49002272313114836,0.08963219036169634,0
-0.5258155431343897,0.09298642315337767,0
-0.37986340985122746,0.14239970766659435,0
-0.5122319212547706,0.03454150654030043,0
-0.42877925030967384,0.0548730742059839,0
-0.47126671651898955,0.09956409893706575,0
-0.45307006927735916,0.059251062195865345,0
-0.5194253781398568,0.13305394412192756,0
-0.4060368531669066,0.21635321906042648,0
-0.4054731536593191,0.1278127047539821,0
-0.3942594668747961,0.19975813656461777,0
-0.4939267493156909,0.11847028957610171,0
-0.5425459590543396,0.17098150388506836,0
-0.4769609391278188,0.10535472155159081,0
-0.5549005044119482,0.011299529155936225,0
-0.49263925803442254,0.025707674802001198,0
-0.5002424055635358,0.05455356696253554,0
-0.38151160103327675,0.03388022739508127,0
-0.4555236220822986,0.10641966356838699,0
-0.33968483875763217,0.0838851457726877,0
-0.36842661550927774,0.06041603528693042,0
-0.36669245120992067,0.11532052329232656,0
-0.4666833507396775,0.04490528147750587,0
-0.4182624951336509,0.0941255513779958,0
-0.4792451308366035,0.08781796570717988,0
-0.5220353205255834,0.1298175740589584,0
-0.505294152059043,0.15252381643993046,0
-0.499979743909206,0.08396738414460511,0
-0.5596322502781647,0.035904913332317934,0
-0.5472930847912829,0.09006285636753386,0
-0.5104391970311851,0.04762173224543285,0
-0.46736572873141335,0.08799237861635796,0
-0.4988217293061127,0.007186966367592307,0
-0.4684112059210467,0.032717287160909644,0
-0.46794657899531333,0.05694293787526099,0
-0.4398766125385188,-0.017258439689917443,0
-0.4508869800599152,-0.03871195114431737,0
-0.38673607551706823,-0.1296301943064997,0
-0.3654938108465844,-0.14676785385824656,0
-0.4072356564258447,-0.10043338345176359,0
-0.35003529457154675,-0.07388683286489575,0
-0.28975582285375817,-0.1203480369593829,0
-0.3578247457552481,-0.05777686384529204,0
-0.3163615091732768,-0.11955803170058435,0
-0.45246303001553734,-0.09074492096880246,0
-0.38320347662621435,-0.14709857806875712,0
-0.35590748869831873,-0.14501235966085502,0
-0.3317371789910168,-0.10124130579686,0
-0.3995951012018286,0.016344665718673573,0
-0.3750916803582814,-0.04665241150034072,0
-0.37473592449747606,-0.08363367475725597,0
-0.3683187333874133,-0.09506320203085304,0
-0.3662802429651333,0.007671609195976994,0
-0.3328602144052018,0.012393533122675875,0
-0.3584580016544757,-0.005525980933636147,0
-0.2793332487277453,-0.016162714741419004,0
-0.3011682901568551,0.14151892971891566,0
-0.3696384501360322,0.020282920651827158,0
-0.3894386426036175,0.05995185968117989,0
-0.2957764802374117,0.10679964156387917,0
-0.2734826257410959,0.08644630978528757,0
-0.3043322851335125,0.016431296912766444,0
-0.24782496935892037,0.036004128765617274,0
-0.32684518845850946,0.05707899093249491,0
-0.2936450108149509,0.0070902502870566,0
-0.3290520014535518,0.008357683545302062,0
-0.33447252927632704,0.16904811922468266,0
-0.3522762989225892,0.07763435272785879,0
-0.363203107029253,0.1544916071885328,0
-0.3787765991499068,0.07576710594875442,0
-0.267029536499127,0.12650163143451193,0
-0.31514813152028887,0.13860145845909466,0
-0.24776517357543437,0.11296303011459549,0
-0.23735628163163333,0.16007192242814433,0
-0.35303530305662123,0.14081625450634894,0
-0.3561249310126583,0.15772274793982657,0
-0.3049115692802033,0.11143694109237673,0
-0.3926775671188335,0.12690537333181734,0
-0.3690648308263638,0.08454456738581886,0
-0.42364836656760724,0.09868718653693632,0
-0.37040773430495677,0.049507585518950674,0
-0.33803684615132645,0.012296067680239303,0
-0.39154721388770053,0.0725566891897321,0
-0.29273219746993606,0.08095867541010895,0
-0.34410186950716537,0.11838115709930769,0
-0.28934090251399625,0.13346509408434196,0
-0.22109575397000228,0.12210686301639834,0
-0.25310943746218806,0.07358855910719242,0
-0.13130931579243438,0.14035726470374082,0
-0.15966334315975692,0.11999108756835845,0
-0.269198231200881,0.1388290490283772,0
-0.23303416510081065,0.08148748609596186,0
-0.24739569380125184,0.07186692822061437,0
-0.32401158400613045,0.1507663106063395,0
-0.3234551544447051,-0.008345831709008267,0
-0.30044849285378433,0.022933720698653424,0
-0.3012491196198112,-0.05598174854464671,0
-0.2667402708283514,0.003735847320890752,0
-0.3077496425983992,0.04501672144075109,0
-0.2595052668032478,0.06010371351059149,0
-0.21900732470233722,0.06713005621238728,0
-0.2384672089898684,-0.07931089306277252,0
-0.2816907116991043,-0.04601585319822941,0
-0.33259346279653335,0.029652667831150246,0
-0.2632500493743537,0.043699079832130124,0
-0.22222613199168129,-0.05271342918378958,0
-0.31863430689856814,0.05688028296275165,0
-0.2770554279629532,0.08152892294260665,0
-0.2500860813266982,0.08429636382498677,0
-0.20316896920018332,0.016045102236572253,0
-0.3322114625127057,0.035894995486509845,0
-0.26103162711017164,0.05376009767969217,0
-0.3036534088675727,0.05197393808554578,0
-0.2603839528032788,0.021186794374561717,0
-0.22478486220491312,0.000569064827727013,0
-0.1452050065137674,0.010552025030887943,0
-0.17489496762409126,0.02343479413555693,0
-0.35708609858834406,-0.012071734064171141,0
-0.2838701016567741,-0.0022674328775037934,0
-0.2901694064962619,-0.11431972749329744,0
-0.35385964918132795,-0.0695145432272004,0
-0.31987977927622263,-0.07634013996990123,0
-0.3143178422742321,-0.0878809510106403,0
-0.25357563299279834,-0.023742880380206915,0
-0.37883158782940685,-0.052835451085018074,0
-0.4363992129713581,-0.046441835157206075,0
-0.30983221575267295,-0.047025854463450714,0
-0.4429957841975677,-0.15910999304264853,0
-0.3595018744795688,-0.17889137359578022,0
-0.3683262138337374,-0.15975187392548182,0
-0.2639427453500025,-0.06311563881982696,0
-0.3239713377320027,-0.04065853879747938,0
-0.33827875102381044,-0.07984723702874078,0
-0.25980463395318126,-0.11872400908925501,0
-0.2568726866168691,-0.08810541143108461,0
-0.1848907125782271,-0.09822159645832626,0
-0.22004113334786027,-0.12707215840223532,0
-0.04994525509385864,-0.11048666797649143,0
-0.06577682149426876,-0.11412231637141819,0
-0.21208236167175443,-0.15681337913332483,0
-0.17269086802119427,-0.08540171674731567,0
-0.14576529133443122,-0.18778876062752486,0
-0.0027435012877327913,-0.1637008433195513,0
-0.06014364465859585,-0.07336580037181703,0
-0.03257588887104812,-0.17438597395153846,0
-0.08982233182333965,-0.1452313785306142,0
-0.17812071623724712,-0.00011822997014862557,0
-0.1373076441770835,-0.03245079366050791,0
-0.19353513993578095,-0.07747041968880106,0
-0.2315557830507951,-0.08551939372892034,0
-0.1407892446638575,-0.2162711124414064,0
-0.1034234837462121,-0.06604186488241481,0
-0.12320911534895969,-0.13607898336414082,0
-0.1340566614528329,0.015312773492157955,0
-0.1302972800625647,-0.00800813976850948,0
-0.12343279669462028,-0.010749123159850571,0
-0.22629141401730268,-0.015062141729337192,0
-0.23952536381019038,0.006829802844984675,0
-0.20759627336496617,0.025850863270957213,0
-0.12730986573969386,0.00402618587374505,0
-0.14404811281847676,0.0686488635485603,0
-0.19904581166951557,0.048228948058017335,0
-0.1160429318192565,0.007099912996001843,0
-0.10197561957573022,0.048316233673800446,0
-0.01856204393191184,-0.09459255680346182,0
-0.032269969110486255,-0.20815969827521294,0
0.022165075751445003,-0.1068256854747803,0
0.04925641144735231,-0.09189254184019943,0
-0.029752301567607414,-0.09508544173081405,0
0.008308218108474638,-0.11714079894060962,0
-0.03864236689998227,-0.06438622836071173,0
-0.08822004350588207,-0.09268488176676083,0
-0.026498507119152234,-0.04820801222732879,0
-0.06137148665097009,-0.12598683181383385,0
0.01053038730914093,-0.09606093907476769,0
-0.04464308134355426,-0.006748241172185296,0
-0.1536661481906355,0.05243869103912593,0
-0.12149427072957708,0.08855433787080323,0
-0.06883872206860907,0.05479246753546566,0
-0.15088262560362262,0.032283708874719014,0
-0.08096180812638433,0.056042921708995164,0
-0.16123367347727136,0.12892504144729422,0
-0.018342895230797462,0.08079922167917607,0
-0.0701358058871626,0.057272508777287984,0
-0.02793667285037002,0.04174673849588559,0
-0.03810602692902626,0.16330601821363888,0
-0.1751836393921639,0.14133971589897631,0
-0.15778336302632984,0.12554683153012622,0
-0.17866488937023975,0.1670466165900356,0
-0.2010136114929568,0.163947586831808,0
-0.16252632018758173,0.17839521108004164,0
-0.1680322614653934,0.1553906477664656,0
-0.11815864398163761,0.1427378507854468,0
-0.13962320196337713,0.1249699018942,0
-0.07152210389578034,0.17081171028206935,0
-0.08208687249791319,0.20029451883759986,0
-0.0953882557841825,0.2705113556187218,0
-0.050615381329188136,0.2312939106055073,0
-0.026403506058671904,0.22467867656390234,0
-0.09908955676289263,0.17647267864805063,0
-0.02864026685412785,0.22406717885703809,0
-0.0445205627922953,0.23688810861107798,0
-0.0267450029249319,0.20425486913027247,0
0.0027854221532296816,0.1348498939605225,0
-0.09019171185244029,0.08792864475697793,0
-0.0992201101312276,0.03272553645684177,0
-0.11532332765232237,0.05118386672257647,0
-0.1029607261260442,0.19467123000771663,0
-0.027024672931807728,0.16653861190413155,0
-0.018106302416170145,0.1486797250606061,0
-0.10993384474581588,0.20151870292188495,0
-0.10619732756659232,0.2289776162644625,0
-0.09933081024493165,0.1512361392142385,0
-0.1006447453868479,0.16402146815102892,0
-0.029767917307485292,0.1828688236540094,0
0.008788757461975577,0.2505436323335184,0
0.019529178327750966,0.1960638786535098,0
-0.00673253733978043,0.23076777875218896,0
-0.06718626735945572,0.09806696660945749,0
0.027464337213435608,0.13345056407114742,0
0.030075598368647764,0.17096656108052752,0
-0.03754281006312474,0.14484708535374163,0
-0.044928580285536125,0.24038072801674065,0
-0.08317448626504731,0.21514378502927942,0
-0.0931891106768367,0.2522159403186902,0
-0.09310654156433425,0.17658517542529156,0
-0.0043526573381526545,0.218186053578561,0
-0.09842081083370627,0.24094495963433898,0
-0.1620144262827275,0.26912393850985017,0
-0.13226084840177782,0.15822870699371022,0
-0.06829620444590122,0.18976944660845105,0
-0.05951129253306929,0.18113710393947235,0
-0.07734864446628731,0.20710256695864504,0
-0.09811277520499173,0.17856561313389097,0
-0.1087439665425263,0.1869445713769795,0
-0.12581015995383693,0.18069141515150797,0
-0.2030180266881889,0.15666039316904046,0
-0.15719899849366664,0.10288605934569371,0
-0.06693689345195938,0.15945327206729917,0
-0.041207344487359326,0.09470057833235451,0
-0.052629508239586516,0.08264243008717913,0
-0.0048808191955018315,0.0851403007137164,0
-0.04899506395954315,0.12023225157881842,0
-0.0699030553217944,0.09236675489013013,0
-0.15362451476531147,0.15854229624023577,0
-0.10006175201449112,0.16419870244472268,0
-0.08661242243952645,0.2932805443895689,0
-0.09743292202368557,0.22090692130542613,0
-0.04998421017506443,0.24570617014261353,0
-0.10918133883561651,0.25403380827288063,0
-0.0062045055249061315,0.24177072467141103,0
-0.04466139898482202,0.2377837425507,0
-0.033689792837341734,0.2628660458863911,0
-0.06720760637375317,0.3724356011007547,0
-0.05693019779136295,0.3771090962537142,0
-0.0952496078070203,0.24649349128449707,0
-0.14265712117991863,0.2903514981947929,0
-0.10301215749694642,0.22635920080818128,0
-0.12444665705398578,0.13778562319146997,0
-0.09265451637567776,0.16638323914475897,0
-0.08923156239865294,0.17409732192038582,0
-0.06896425012894895,0.15428877938220906,0
-0.11469177726609942,0.1765622761345687,0
-0.12345684437929966,0.12745475846958193,0
-0.16217072598598173,0.1135990517848545,0
-0.0596547908002764,0.17608475031411008,0
-0.07062564286468023,0.16279900895777694,0
-0.06658366824601658,0.14724701489758457,0
-0.01178483559564645,0.1682423191006549,0
0.009490292261626874,0.1536533696582604,0
-0.06988371696200442,0.13361870506017856,0
-0.027195781544756735,0.04660268937368313,0
-0.01985370896464105,0.13268719249796496,0
-0.05946957504419191,0.22603960061427938,0
-0.11569578352838489,0.1817982725776237,0
-0.17410436044469796,0.24296572173100575,0
-0.1232121949102888,0.1456430368751528,0
-0.257835263589821,0.1372902209024107,0
-0.23427521331377094,0.13216061765207493,0
-0.16518331899694333,0.15450584843019097,0
-0.13704329009879956,0.16218038820363523,0
-0.14171018016735037,0.17770836192564743,0
-0.2400582105866149,0.13183734139476602,0
-0.1986622183584638,0.2700299211859528,0
-0.2935266945273185,0.18379623560835245,0
-0.28728107315939627,0.09761725866611554,0
-0.18385938518651646,0.11934335005918444,0
-0.2497042526851564,0.08529506420411861,0
-0.2685463953178941,0.06837082432250272,0
-0.20518067134079654,0.037971636950850644,0
-0.2007074229919328,0.03260853280932185,0
-0.23777888263559854,0.033519379006030754,0
-0.14240844561661845,0.13656157954724032,0
-0.1454469655180719,0.14522493163746042,0
-0.178191575765549,0.1529521959703765,0
-0.20458760343370844,0.14651259615940804,0
-0.14363825659004403,0.06908094565899661,0
-0.2573293823708923,0.19251425275251632,0
-0.23263095423902796,0.21599559792426104,0
-0.1711623969154985,0.11639254260274612,0
-0.22333425016300681,0.13127722838291372,0
-0.17251049048989373,0.10498516082922091,0
-0.2638339098959227,0.06957271591085254,0
-0.21123493053559456,0.044807464202401115,0
-0.2351148123158469,0.0846345096637093,0
-0.15494735628516162,0.020602532485933675,0
-0.17993357521599812,0.05406230148566552,0
-0.17817649087398862,0.058491157762625846,0
-0.25908066379680206,0.08696006363673683,0
-0.31623425635661007,0.05096386023217752,0
-0.2307428092937837,0.09057273989778555,0
-0.25950883022853144,0.15476932315433964,0
-0.24396728133643777,0.10691203519756134,0
-0.17674314975150895,0.09480467111614603,0
-0.284862088440795,0.05018250428777051,0
-0.2620582081319674,0.03413519865577695,0
-0.24610907937014884,0.15538336328121183,0
-0.16556222609767912,0.13998763799917047,0
-0.15351800076984026,0.1649264683242575,0
-0.03659284427049088,0.044789991728157216,0
-0.1837916557712393,0.11066328853647842,0
-0.14336707384513248,0.17706621904242736,0
-0.15068468158334947,0.05267568014411199,0
-0.11454404342189273,0.11617807337948109,0
-0.1996630266220874,0.12873912207172644,0
-0.17261599721456522,0.22000986386310012,0
-0.07473436142638036,0.1458280207591579,0
-0.14302430256676918,0.17143750027435634,0
-0.06638183276638976,0.1535560849816035,0
-0.007859273143277973,0.14959939257497062,0
-0.10612869623007247,0.06808864821022341,0
-0.06692214891693929,0.09201032483835384,0
0.0051783673104776745,0.11221166467273339,0
-0.05211469348630234,0.12075552385215126,0
-0.15379399596049623,0.10235237754287642,0
-0.1283926102141077,0.13895501473493588,0
-0.15123352972240584,0.13328600022621362,0
-0.13070406599963555,0.1648337562315975,0
-0.1137095853518377,0.2018101418634573,0
-0.2311836471773643,0.19027996910907088,0
-0.28474837669534514,0.16590204486438168,0
-0.17749439633349057,0.18016215772596997,0
-0.25784503149855276,0.1278050692720265,0
-0.3399953837665984,0.24733349881599828,0
-0.30695928547125295,0.18394823194649917,0
-0.2709597563713752,0.14875068999992963,0
-0.26906759905607014,0.1613107241920945,0
-0.24892431880322313,0.11017705384827955,0
-0.19640648526682392,0.23272570644001364,0
-0.23355654148449578,0.2881481547731147,0
-0.1969238714586336,0.18493999305401632,0
-0.20333305882712757,0.15507505547319686,0
-0.24157307455577343,0.10730475600639494,0
-0.28561120215034036,0.1478227983119448,0
-0.17712989842462426,0.2784778842035055,0
-0.11741739725358372,0.2500307719588713,0
-0.1577145488769604,0.16592074735982604,0
-0.17867263425866983,0.1296609493662397,0
-0.20585448074231047,0.19506873412384562,0
-0.24015400614279397,0.2160031035635646,0
-0.1530600557395252,0.2632969650250229,0
-0.21594487840965515,0.2322913401131202,0
-0.15989500537777052,0.2668215907805819,0
-0.3104863387003349,0.2040703773039844,0
-0.1739658808484714,0.21504982597430636,0
-0.2553297851683647,0.23579809006139596,0
-0.32288308092162654,0.2369336793524404,0
-0.308955485606763,0.3108275558635513,0
-0.28698257309297187,0.28929168036094977,0
-0.33881233394429133,0.28021892631416023,0
-0.3381534021041075,0.29428967080921736,0
-0.3598676611502151,0.29694153410760454,0
-0.30858296254840867,0.2588591967773756,0
-0.34602546382507415,0.28492426245217295,0
-0.323227738815173,0.19058633368610578,0
-0.23064016418300798,0.1914488286448726,0
-0.2974155402472518,0.16070905665625324,0
-0.28522132976172043,0.1682243259924721,0
-0.30355759514444464,0.10057007515981886,0
-0.21516180067091817,0.10947753354260698,0
-0.24420695903171957,0.23472722996007303,0
-0.16914617086825756,0.23284379477137868,0
-0.20449849271814965,0.15629195125873435,0
-0.2999812090968723,0.2221163356489546,0
-0.2909505605390345,0.25736838004307316,0
-0.26902874266947546,0.3261915813396636,0
-0.2838012516537301,0.21647061763359898,0
-0.25786016719142574,0.08877274739804827,0
-0.25977328634112934,0.21432809562490984,0
-0.34492569500351966,0.1987960546156591,0
-0.36654165088183566,0.23668846338292618,0
-0.3602778997056621,0.18263782730028605,0
-0.2767936867700992,0.1111905509171776,0
-0.3195762993236837,0.07413098974699762,0
-0.3804301336557504,0.09128109261819081,0
-0.37204826255217865,0.1165909459245336,0
-0.4537657228788466,0.052688033153564184,0
-0.419399517072436,0.1388874074924456,0
-0.5151018110446695,0.08862311888593108,0
-0.5331043766601713,0.02934520197930341,0
-0.5054332882791509,0.08462779539888932,0
-0.5431494996278706,0.03519494845886132,0
-0.5420590183994815,-0.03078090463066272,0
-0.5400446641085137,-0.018142097968991504,0
-0.606160709473567,0.06880029892064876,0
-0.47067900476096836,0.061777370662903494,0
-0.493845020730904,0.07286253293547708,0
-0.4851965336121744,0.0951625806520552,0
-0.5054976290923715,0.07366883092456647,0
-0.5071693084825611,0.07910478024403894,0
-0.511872207859154,0.10007894672752307,0
-0.5539262430891856,0.03933626492013599,0
-0.5508374304305713,0.11321599047003424,0
-0.5530041189855024,0.09171341646755606,0
-0.5049854081331502,0.09984027655484223,0
-0.5157925855427308,0.025018859542136285,0
-0.4057448480863887,0.09780702753384206,0
-0.4997804327677367,0.07912714490858147,0
-0.458840759508761,0.009987006585067876,0
-0.4037495130998164,0.0679104224828451,0
-0.3787540371897851,-0.027334445612291147,0
-0.34346412363432777,0.03550073582558881,0
-0.40543671496621597,0.019865171851926936,0
-0.530795958273318,-0.1025747820419438,0
-0.5248884550697055,-0.08928172742223575,0
-0.4822585520187305,-0.034299074229940746,0
-0.5190505421454383,-0.15120494062874185,0
-0.5011056126891921,-0.14870271727054948,0
-0.4427505029428608,-0.00492065943432482,0
-0.36668841367918936,0.0038773851670756768,0
-0.45849242511400445,0.02824041981300139,0
-0.34685730023789124,-0.021921641100978197,0
-0.2972883968614564,-0.002739926029552097,0
-0.46301816503055454,-0.09792078743147288,0
-0.42834314996630624,0.0007865541730889131,0
-0.3964481857462076,-0.03880011964881273,0
-0.4358799054849858,-0.07528887367060622,0
-0.4179636016569721,-0.013964008094295932,0
-0.42352296601433564,-0.005168437110589657,0
-0.4550856922421395,0.04049124530824104,0
-0.4826466699652061,0.04808336975631993,0
-0.5272844276020473,-0.0662077805087351,0
-0.4782693731077217,-0.01609206688974793,0
-0.5061889814057848,0.04292168249618908,0
-0.45477634384063226,0.08521874940055472,0
-0.46337046538942245,0.06906266327409818,0
-0.5243826485622217,0.03864792673016283,0
-0.4383934355866851,-0.07516801654627042,0
-0.4677838300104306,-0.11251690874904124,0
-0.50624994688732,0.0018901591449391048,0
-0.4152054095459067,-0.03529772768504266,0
-0.3393352176914477,0.03941998991735908,0
-0.30608259256263454,0.09434618977104028,0
-0.2639431156922395,0.09974865081020327,0
-0.3193644473938443,0.02134538714946485,0
-0.3148803699590229,0.07410649607685624,0
-0.2746092553238144,0.03610196133115103,0
-0.24886934289272172,0.05827726412072182,0
-0.31018860563664036,0.08798847784613417,0
-0.3784469784704849,0.06721594960570866,0
-0.3104765591707498,-0.043028197674895075,0
-0.2639130639390014,-0.0016075926262802132,0
-0.32729175601284133,0.003900966447223781,0
-0.2522826676817138,-0.03485042757754504,0
-0.2911945926944035,-0.02891443461985647,0
-0.33725556406552554,-0.010503300243522345,0
-0.30862806567378825,0.0164691119623573,0
-0.33217515060630515,0.01665928055838696,0
-0.3407753474952128,0.02053995592499184,0
-0.43843516887622913,0.1319730230370214,0
-0.3523577031816171,0.056296246719991935,0
-0.4353399623781664,0.06686688361975553,0
-0.3485705826617899,0.05173763452207069,0
-0.3241225128849568,0.1741292163868743,0
-0.30808739414785286,0.11803475231594646,0
-0.24554495559655032,0.16115980077237876,0
-0.31887448732302925,0.059864876494511804,0
-0.29997834853423644,-0.04875068351452061,0
-0.3458286872486836,0.061909771917933634,0
-0.3837967286887323,-0.0005172573867736618,0
-0.23701515385391206,-0.03879118628301228,0
-0.27728400501664136,-0.041237525940158413,0
-0.28737896647783356,-0.05387119065094496,0
-0.39083144460178276,-0.06016257920759898,0
-0.29532721934846734,-0.11728980678390794,0
-0.41612970597997345,-0.10332016941677193,0
-0.40234206866504263,-0.1060223911719116,0
-0.38465528778038605,-0.10757087252226144,0
-0.46835873672810846,-0.10127637891302836,0
-0.3563580146060512,-0.09499922801451406,0
-0.31588620212025376,-0.08851335684350381,0
-0.33887156123101864,-0.1582771480624739,0
-0.3431241280773807,-0.0923928772793059,0
-0.30384694295786785,-0.08094530406554748,0
-0.33486189625516904,-0.05955441762700371,0
-0.34351759342718236,-0.08467669775091989,0
-0.21872174894163843,0.019926618066380394,0
-0.2744379264026363,-0.045194031301583504,0
-0.33327429450478563,-0.09952997925899432,0
-0.34268281900226644,-0.05863434071102273,0
-0.2370099768258219,-0.034103547201354736,0
-0.258683107579268,6.55234976650737e-05,0
-0.3252310819678166,-0.04351810050376377,0
-0.29345184992967394,-0.003202133435067825,0
-0.3311811401787871,0.048926714084847354,0
-0.3379210408369046,0.015234414652967099,0
-0.3497744151751076,0.06487741688284224,0
-0.33200716597800006,-0.01584083749020522,0
-0.41982726107169416,-0.003416714498942458,0
-0.4876409194700426,-0.007090802203140987,0
-0.4221939708881439,0.042485793800397076,0
-0.5346048915754922,-0.010315139677199422,0
-0.4959808380588151,0.02429962296565666,0
-0.521259416028412,0.00724587854341751,0
-0.5351816092033438,0.02908882652956341,0
-0.4457330528989112,0.047489537333510495,0
-0.46562947368200297,0.016176082299980667,0
-0.3981908809675474,-0.014483133895576934,0
-0.3923743206093957,0.0305379966531164,0
-0.38855870819492005,0.0571015754382956,0
-0.4182864989995085,0.03686146809929583,0
-0.30095958586579014,0.10139886189467927,0
-0.34555603933631784,0.11601127493074853,0
-0.37807212640791515,0.16677724355561993,0
-0.3312986679776753,0.013123706585479844,0
-0.39029568602509557,-0.052746845290687835,0
-0.493321419472066,-0.010011180604354235,0
-0.39051822105802375,-0.03521424756282092,0
-0.47560406210933465,0.058827361812020154,0
-0.44105460658905665,0.1116013640837382,0
-0.3053812414679783,0.08780174749803123,0
-0.34845909701521377,0.01943654947480833,0
-0.37937292144016516,-0.05439569760623217,0
-0.3746424951965991,0.027220311529779967,0
-0.38942740004521126,0.02910727807554319,0
-0.32250417267047526,-0.011280393545733902,0
-0.3227709542750371,0.02968802660969448,0
-0.3388959145485655,0.06685410448902077,0
-0.35418237167572447,0.022832484605812824,0
-0.4204860529017695,0.15302972818486335,0
-0.38987662638559545,0.0781521941159674,0
-0.37924064441164473,0.015922394058934947,0
-0.2872255647227394,0.0957504624419801,0
-0.31531778609930067,0.07060366507484532,0
-0.3327812267394545,0.15845452069809346,0
-0.40599910694147406,0.12200447740465103,0
-0.36355554909957866,0.053776725732638114,0
-0.34609243758058594,0.11119730560735437,0
-0.353512417535756,0.11460001527011893,0
-0.4626784837180321,0.08696504258210211,0
-0.35986656739795647,0.0577190853585204,0
-0.3228429708944198,0.11051015248399099,0
-0.27631492024184634,0.10939930472845136,0
-0.3521103868208499,0.1216062857727689,0
-0.34466586872662236,0.15184868149775238,0
-0.358263003626464,0.14455290313897395,0
-0.39526740652512327,0.05496488415720441,0
-0.3986469889566856,0.04653295899344528,0
-0.47295466183684987,0.1216663461854155,0
-0.46341151258792895,0.021859991146457217,0
-0.4696948577955495,0.12864588103824598,0
-0.5046652457510586,0.08552072734995975,0
-0.38961603871110706,0.10081798065875668,0
-0.39604234314039993,0.0040018525548808775,0
-0.42844267184681056,0.06239259691355274,0
-0.27270386760385734,0.12259255350020423,0
-0.30297739815085134,0.03211310775300681,0
-0.22507229131700068,0.016770756158959614,0
-0.3042571312729196,0.033228237711639894,0
-0.25017476317750886,0.10361075377819322,0
-0.2999426375708867,0.1182556287272297,0
-0.30405573562970384,-0.021130383260998892,0
-0.3778706270773144,0.05143530916676135,0
-0.46859228831157745,0.02304098296622304,0
-0.40944175154085843,0.06218278315256195,0
-0.3951908206210162,0.03689334160775373,0
-0.3061627148487034,0.06606010521516792,0
-0.3483136540774325,0.10153100943173757,0
-0.412996427130539,0.09149783820757168,0
-0.4379670711430654,0.10667457746965453,0
-0.37993567468711553,-0.04255499736428711,0
-0.29877080151750596,0.07771220583500861,0
-0.25056031768152465,-0.008125270457750286,0
-0.3774831836362282,-0.014091740859904882,0
-0.45107317895411503,0.06520289399141238,0
-0.4714005336278246,0.08590639298730203,0
-0.36551501623964044,0.014482391983242554,0
-0.3567636040797507,0.05582748028007073,0
-0.3288330249867751,0.1580016881007984,0
-0.4019154354659944,0.15987792787217123,0
-0.31876287101973877,0.05616265944584738,0
-0.3836079463805216,-0.09229256953145097,0
-0.3958817088572821,-0.09264244456409627,0
-0.36642230420335015,0.004530109948751998,0
-0.3055054825992103,0.03164326491688217,0
-0.37005034412705695,0.04914081634085207,0
-0.3331816358163874,0.05658639060706805,0
-0.3282211979156149,0.062006938303157594,0
-0.3565917927745821,0.017471570552674245,0
-0.34814901158384587,-0.036991497710064956,0
-0.3211507622282873,0.013230813190673867,0
-0.2860820942875218,0.050698399761348274,0
-0.40080157363782054,-0.11789683879497734,0
-0.26258934459374983,-0.10918132216821004,0
-0.31408837544843077,-0.10106593994774829,0
-0.3105920277714791,-0.043622294818989375,0
-0.3625963230818627,-0.03625373460237135,0
-0.3283466752157582,-0.11186950389102521,0
-0.38903054871367726,-0.13969987668925826,0
-0.4033856206519413,-0.10774165044055031,0
-0.42340297246282715,-0.15964114845219765,0
-0.3627484475248852,-0.14419373553016268,0
-0.4437068989108095,-0.08897943346296025,0
-0.36459781897344196,-0.045067195870149124,0
-0.5425655234206682,-0.12339576017028847,0
-0.5029369173104066,-0.06767156096902228,0
-0.41450462965508433,-0.017347175169872754,0
-0.5136228716210833,-0.10082499320953253,0
-0.4275100703203745,-0.06906253538244336,0
-0.48692487217775776,-0.049203089341318076,0
-0.4219997503287452,-0.07401030703905342,0
-0.4701897800679089,-0.0855419743384058,0
-0.4701839275040555,0.004576463573402537,0
-0.38860615021885414,0.013369250673378704,0
-0.49026219945125715,0.06278068797757262,0
-0.43556519078291683,-0.017157261140223853,0
-0.46146359608263077,0.06746878980438359,0
-0.4578311992777253,-0.06438301798497204,0
-0.48574492204230246,-0.009525558565574993,0
-0.4644485401791505,-0.04648400190050689,0
-0.4444513701082884,-0.0883928219117555,0
-0.4114215716410396,-0.06286462968570436,0
-0.4759896969825879,-0.10169918668279988,0
-0.359682622752998,-0.03409299801433062,0
-0.4821711164536967,-0.005985722559144192,0
-0.43092071145015287,0.005154104874162797,0
-0.38694084357053565,-0.01940640729277407,0
-0.3388916273062441,-0.04195345652285076,0
-0.4512613661379231,0.00394723324888295,0
-0.4679503666224275,0.003051456194868655,0
-0.5434568602045403,0.1595574972966304,0
-0.5305595770325311,0.1840358568341356,0
-0.5475743612097974,0.06570662209022542,0
-0.4170148105683786,-0.026114372354726786,0
-0.5923016364290099,-0.010382233876322186,0
-0.5779294919106821,-0.0027472520950963973,0
-0.5164244853792386,-0.055324676933318724,0
-0.5031276849826372,-0.012193824212819608,0
-0.5409206706009331,-0.12922399271792986,0
-0.564270124244617,-0.06877405226771185,0
-0.5721729882237719,-0.09633353049350687,0
-0.5285106007344821,-0.13280202202683392,0
-0.4749441018071995,-0.1551299860080184,0
-0.49764985983397997,-0.06652772268649204,0
-0.5415979425441712,-0.15008393326082095,0
-0.5786641699887214,-0.010065444298862192,0
-0.6437523111312842,0.015534128801915952,0
-0.6121235513106221,0.011140816044718636,0
-0.5393083399546598,0.01760449631799198,0
-0.5943081222625752,0.04097649679787625,0
-0.6198838131066214,-0.15621594136112066,0
-0.5378535699000845,-0.10167045221231778,0
-0.47631880813737687,-0.03136826717607631,0
-0.5300660604008643,-0.07743707292453056,0
-0.516298755247129,-0.05291292509814098,0
-0.499509774168038,-0.040651107584183964,0
-0.5357009746389265,-0.017152698217244747,0
-0.5131854459036636,-0.006305862963513325,0
-0.46610863502427724,0.03936903833668157,0
-0.5056189748722898,0.04857445397276852,0
-0.5192454053536466,0.004280072975183229,0
-0.564390670944535,-0.007907346851288527,0
-0.7821068343949166,0.02086276977464277,0
-0.6950392341936555,0.04608875197881353,0
-0.6456674932120546,0.013099450260728888,0
-0.642836445985889,0.10196836899823378,0
-0.560840880315953,0.10632006832110641,0
-0.592311978772798,0.12537317859448965,0
-0.5530689843200046,0.11318940966205984,0
-0.5343066211172743,0.02705030911041048,0
-0.599526799519338,0.04591818629611476,0
-0.47180457786614083,0.11199383510965709,0
-0.507401093789728,0.049798249877802805,0
-0.5513465472147817,0.11798491331929487,0
-0.6102325453492028,0.08403457623691712,0
-0.5752146017192763,0.05691182219143293,0
-0.47381190979910826,0.037060387025983035,0
-0.5457281634458871,0.08163176552668505,0
-0.5645536641096481,0.10127510318904792,0
-0.5805268178181734,0.0285243724887968,0
-0.4379987128511992,0.0020103708093047352,0
-0.5057904912727232,0.08356375332599049,0
-0.43658094109966594,-0.004550085404897486,0
-0.5974884131418889,0.07983062040455663,0
-0.511892906822523,-0.06492822186224184,0
-0.4937065514643622,0.03691207617306008,0
-0.5347270248960004,0.10011042363112588,0
-0.5203001352026064,0.20667713707728136,0
-0.595558814899703,0.14915692638559647,0
-0.6847517509054928,0.07803414294533198,0
-0.6347049275602268,0.10646286114334376,0
-0.6157752823240908,0.0983036553053361,0
-0.6810038191192012,0.15964787749879064,0
-0.5615924023418875,0.11081528380485633,0
-0.5468816411525467,0.016888984649206462,0
-0.6159209491595401,0.0684905417255245,0
-0.5971508824656504,0.17325215767048435,0
-0.5126817327612296,0.09335771569752692,0
-0.5727370759858995,0.11156150779737421,0
-0.5655816258329577,0.08685588923919413,0
-0.546134982291728,0.011361308947016466,0
-0.6127162697188824,0.02355425781763289,0
-0.5516912784013932,-0.07018490904761168,0
-0.5485006717485775,-0.13717235416784054,0
-0.5651762336141921,-0.15910706332597735,0
-0.5311090140765818,-0.169798925601879,0
-0.5550266256503456,-0.14406002242068028,0
-0.48020918908708365,-0.1205492041476181,0
-0.5323843761113586,-0.14740003430433718,0
-0.5658584857685814,-0.18139835293130965,0
-0.48056458074119307,-0.10092818028645524,0
-0.5031669295175258,-0.038191856054654846,0
-0.5042445627994228,-0.10937922644591788,0
-0.527239902134734,-0.08096213527060812,0
-0.6037535544668322,-0.04527254966406377,0
-0.44680920959971726,-0.0020047485157777614,0
-0.49555551621971106,-0.08394655471033283,0
-0.454103833369248,-0.15406194338139703,0
-0.5042736698583866,-0.16288503935280257,0
-0.5324886995196498,-0.10745977471368305,0
-0.5100908330664693,-0.05631556236271888,0
-0.5454853556473366,-0.14032717044702542,0
-0.4922979845004205,-0.23714602254864037,0
-0.5025574947319413,-0.24645942295983408,0
-0.4112175189298505,-0.24264779818031826,0
-0.43471363891525727,-0.2773741479988791,0
-0.4566608009204448,-0.29121764205556727,0
-0.5231153710843683,-0.2574506806252256,0
-0.44143347419456713,-0.2173091049314531,0
-0.45290750222894777,-0.14432431753751096,0
-0.4012491964871108,-0.15706493936874166,0
-0.44480944261672206,-0.1864036813294914,0
-0.42830032146363217,-0.18710458603771057,0
-0.3183798740936432,-0.2321892299042311,0
-0.33480428008815066,-0.19019018040618768,0
-0.38122428476851017,-0.28811501709086207,0
-0.33057548418145566,-0.22730160472265448,0
-0.2880198347622723,-0.27468560584255564,0
-0.3918910946372599,-0.17325629941670653,0
-0.3735331487056703,-0.14743633019594976,0
-0.45569135461360977,-0.18257838196435708,0
-0.36694179879996935,-0.1920223242572507,0
-0.38923804499447123,-0.29914225585982096,0
-0.34301647109559924,-0.3680380572401777,0
-0.2745124491842973,-0.2662104665371219,0
-0.3342909832301315,-0.33129136033580286,0
-0.34736169687872387,-0.30825575656946386,0
-0.3974426433083026,-0.353973171388712,0
-0.306751697594438,-0.35288307117953366,0
-0.33405515431617444,-0.26997703187798394,0
-0.25221599246051385,-0.2763910904640894,0
-0.30716614793136165,-0.21858866726415738,0
-0.22407998293552395,-0.18546222314891048,0
-0.2376136216457617,-0.21137150913701241,0
-0.2544305102599803,-0.27596319325199337,0
-0.2743218498126845,-0.26926231534638495,0
-0.23918474637074247,-0.28624340591501424,0
-0.20478682258839503,-0.17681297155594133,0
-0.2993453612445982,-0.15768974064808422,0
-0.4306976770850387,-0.12966923100973962,0
-0.33149271100096,-0.133265442860599,0
-0.26787126436781467,-0.11236735841298451,0
-0.260842419844739,-0.06436957110277695,0
-0.3198365889712209,-0.1111893633079078,0
-0.2995047550367034,-0.07448172963438779,0
-0.36035217604201036,-0.14544040909402772,0
-0.29272796759970915,-0.20461700432096658,0
-0.2619069508643751,-0.10603662057250837,0
-0.30690796978380747,-0.13284948880614653,0
-0.30164853516606194,-0.009256251734679255,0
-0.4073132200391673,0.052245040959326375,0
-0.36244475521215486,-0.06310548180274808,0
-0.3105568965453007,-0.08704922923539452,0
-0.40225019688650143,-0.13233466551914677,0
-0.3443192999657805,0.013429107635231113,0
-0.3307883104517017,-0.05281100628032209,0
-0.4122045760804666,-0.10552570232762448,0
-0.40693263843157435,-0.08489930279352609,0
-0.32301601927754453,-0.1119368044225035,0
-0.33273208017214123,-0.06339191464021512,0
-0.40379674287841305,-0.09501568231831647,0
-0.3588423473059276,-0.1394736277584799,0
-0.38804706145140305,-0.2040592478922435,0
-0.337870779893015,-0.21334972385864806,0
-0.33382085906005204,-0.2723044904892035,0
-0.31476664652373526,-0.2561880156899307,0
-0.2949995097866734,-0.17285871796158256,0
-0.273984696153377,-0.11406175501476451,0
-0.28118405675027625,-0.15769926179859153,0
-0.2874893308737489,-0.1822214142879423,0
-0.3055649521574376,-0.18187508290991236,0
-0.2546193869018968,-0.21039358784905257,0
-0.30098212393835305,-0.2908278299994145,0
-0.23356239196591388,-0.27992675269419404,0
-0.292878810934028,-0.23849519330239938,0
-0.21154467932227947,-0.17074389273690338,0
-0.23726609996172376,-0.17220108355773225,0
-0.2652742138944006,-0.17815833000050682,0
-0.25896556165459766,-0.023791371476042072,0
-0.2572993000119453,-0.007254364261125048,0
-0.3088846677317086,-0.014725057531469325,0
-0.34852340629664125,-0.08901234602176361,0
-0.331091464354763,-0.07464253210065153,0
-0.26835177425670953,-0.2007637255770105,0
-0.2620097881039672,-0.07164865237025403,0
-0.3131263926297488,-0.1284814924814842,0
-0.3905489526030499,-0.210799268006214,0
-0.3228656129511275,-0.10563747951798641,0
-0.2363020649687398,-0.06463920811458479,0
-0.237753965660709,-0.08128389203042216,0
-0.21797821252430954,-0.15706798424358054,0
-0.282502474516584,-0.13370175504717013,0
-0.1669996809681875,-0.09086570536635191,0
-0.22523780466908727,-0.18152226571488297,0
-0.2657756140018983,-0.1146244602726872,0
-0.1489329926053561,-0.06578426750575073,0
-0.14342406242520409,-0.13139919006001793,0
-0.23587553607208384,-0.27793254615430907,0
-0.10824788986007161,-0.21207623166322648,0
-0.2246448342212627,-0.1727628734071058,0
-0.20163134441080094,-0.2908396526351288,0
-0.19504721730101116,-0.3089927405141965,0
-0.1864726351114354,-0.23960533747871243,0
-0.11817330104407027,-0.28425998846871625,0
-0.07165940938870205,-0.28864225544836025,0
-0.20518942212876723,-0.20142125582657902,0
-0.2056921768248904,-0.27995716751381405,0
-0.21728016846774206,-0.2161994267681801,0
-0.13044519109883096,-0.28583103856356246,0
-0.11223948476453814,-0.1759285687089351,0
-0.20370181407413787,-0.21533950875821484,0
-0.1288865997013624,-0.23099356989008785,0
-0.11179306415633494,-0.2021768409165835,0
-0.2096978094590452,-0.2338135910051883,0
-0.13520784917118406,-0.15346193455697918,0
-0.2525089183961965,-0.2175826532423512,0
-0.1389537605881045,-0.20557840066589828,0
-0.14516007719591414,-0.15674664151600054,0
-0.15236442105563658,-0.14606372318500124,0
-0.12923906128194504,-0.215900387764073,0
-0.010575991842922433,-0.15563305446835402,0
-0.07134155986236992,-0.19135026927443036,0
-0.0955966314540409,-0.27593851602515374,0
-0.20318886879288064,-0.29945920341314425,0
-0.11555978486348605,-0.2536087949234867,0
-0.18486331366911435,-0.2667002607281953,0
-0.18575011131061392,-0.27760316840517163,0
-0.2007953689335337,-0.4011319926133433,0
-0.2271412867456358,-0.3213883919587077,0
-0.23711314602869465,-0.21460364823425504,0
-0.25003060619664425,-0.28767514561510715,0
-0.31234222428428504,-0.3066403949104671,0
-0.30326335673695026,-0.38540635522830047,0
-0.36982944156041797,-0.3803112547744441,0
-0.3492394586103537,-0.26808093154912144,0
-0.26667967626214256,-0.23496437823308325,0
-0.22938554324992824,-0.27092189897050234,0
-0.33392968435688997,-0.2746329303432485,0
-0.10740441391584335,-0.33841388405505,0
-0.3193282887344524,-0.20907460223121077,0
-0.40738277166781367,-0.22714633695349687,0
-0.35814179921047795,-0.2319043999409543,0
-0.40075559522225124,-0.30280404704740915,0
-0.3964535814052218,-0.4248258951169447,0
-0.4264964339031206,-0.3124601266679872,0
-0.428605039405943,-0.3212611586579059,0
-0.40002338646247554,-0.23395448400053187,0
-0.47536814946971173,-0.23379799652503755,0
-0.38390786090127615,-0.24068266376503386,0
-0.4466184384060229,-0.28413746853149163,0
-0.29439901524405665,-0.21966755144794858,0
-0.42981945457242465,-0.08994440768508144,0
-0.43633066498287965,-0.1199007619017966,0
-0.36590828237992595,-0.20364411187981118,0
-0.3872011946875272,-0.24536825202834248,0
-0.3724534198684322,-0.1604704211708202,0
-0.4249585937049137,-0.17032496594440555,0
-0.5706874842845667,-0.1838417751477308,0
-0.533412944968477,-0.24297466944676535,0
-0.4929005362015108,-0.21228493183493066,0
-0.3773764863550836,-0.2502791876685634,0
-0.4470408676590875,-0.28668786198322654,0
-0.44267723849711527,-0.25103031140841414,0
-0.438542514820099,-0.20807933046237456,0
-0.39214725767665976,-0.19086421343900367,0
-0.4012536712498446,-0.2168274980310072,0
-0.34826267146383866,-0.20036080589944227,0
-0.4098344413494028,-0.25448415871339236,0
-0.5196555359828199,-0.20254485082344556,0
-0.4785045445522994,-0.12691874361449718,0
-0.4059660048866133,-0.09296814482655771,0
-0.4925843840917814,-0.1849791746601051,0
-0.3702824890166765,-0.19483862578609376,0
-0.3543381672710471,-0.1763696923523188,0
-0.36074895333867985,-0.19825585425392905,0
-0.32668186062263993,-0.21182263272366747,0
-0.3355710465041323,-0.23872385089586245,0
-0.3945024587752011,-0.16688799057959008,0
-0.4236009404102067,-0.17618988666910948,0
-0.4202388841438977,-0.12774030924613372,0
-0.3806721523087694,-0.16127011115835976,0
-0.41185743014900195,-0.09590802810208084,0
-0.4118781777709331,-0.05863152825906356,0
-0.4080567837537193,-0.13160953956545254,0
-0.3437637131815601,-0.13093264105560462,0
-0.336016350808327,-0.06614468583828305,0
-0.38097948841671603,-0.004836408165156576,0
-0.4094912278498119,-0.07809517284918271,0
-0.39981228686804204,-0.02248792422483519,0
-0.45462086782448835,-0.016896643673439578,0
-0.4219262642934865,-0.13561987277741233,0
-0.3705301399400304,-0.19311253049359836,0
-0.43813065330229484,-0.13654870503705124,0
-0.41501452321294807,-0.1765664727837322,0
-0.3870462043224132,-0.10255421805021794,0
-0.4246674975226436,-0.08583355955767101,0
-0.45229718790371715,-0.06460099784740163,0
-0.42983211973934216,-0.11660380856381436,0
-0.4556731921848829,-0.07426849254428612,0
-0.5520515714983636,-0.11571290582057278,0
-0.4616249164827242,-0.04794241790812866,0
-0.4211229917875346,-0.12747946948510233,0
-0.3922612899253762,-0.047833705249386696,0
-0.31105614958683914,-0.13611865900370285,0
-0.43246355317502644,-0.06578650503821577,0
-0.291315740668572,0.0006293934370801141,0
-0.4642082882933328,-0.0534074875781289,0
-0.389089054004907,-0.170083927891972,0
-0.3023084335259364,-0.22634037956960024,0
-0.31704237316412304,-0.15409040729532342,0
-0.3617544716722095,-0.13742081753970575,0
-0.3119387233433283,-0.10195986160552495,0
-0.34046604760784915,-0.09032006354308028,0
-0.2787602953826432,-0.07204980579352549,0
-0.3273678651235578,-0.036477565680487906,0
-0.2909614713326459,-0.06486449209763676,0
-0.30369969874371155,-0.05247740116930757,0
-0.3829566820376129,-0.023802613889649642,0
-0.447824576174034,-0.06328977383246953,0
-0.44047528359890126,-0.04508180141659825,0
-0.43252588495366934,-0.05520343589934578,0
-0.3357426950414945,-0.07066627343772489,0
-0.34172287044053895,-0.042258044931644485,0
-0.37006754558870625,-0.05674866620025214,0
-0.3959157359008445,-0.038580419526342974,0
-0.45410676315147175,-0.06865994442602041,0
-0.43739129008088684,-0.10947407471166258,0
-0.5159391809967792,-0.07403405971243737,0
-0.4293135083605819,-0.04210991006453125,0
-0.4068906221770902,-0.10094623465952374,0
-0.3138616477224575,-0.013268419015573754,0
-0.39641467617411047,-0.1161123337421158,0
-0.3569336857562672,-0.05246706490655392,0
-0.3370171504712581,0.03723069869971932,0
-0.4553781468920155,-0.08093776489897872,0
-0.42168499069458126,-0.11838967546773993,0
-0.46570428580151085,-0.029583958256332657,0
-0.42070214668585976,-0.07646871238847187,0
-0.5317919454303044,-0.08197136615821347,0
-0.4531110296260642,0.054374580190428914,0
-0.3791256436509985,-0.05063128575924829,0
-0.4474036390969759,-0.04685199142453966,0
-0.5451014956013984,-0.07959169755845405,0
-0.47500787636007213,-0.005009789862841715,0
-0.552201970687417,-0.04977942352525097,0
-0.4955916573338515,-0.12937708260611538,0
-0.5135434737767864,-0.12782672451256716,0
-0.4471235339488004,-0.08829886874678745,0
-0.49416832842771824,-0.050002134669841096,0
-0.49670396897396746,-0.09536784164277062,0
-0.5366832724041242,-0.17196156381500097,0
-0.4769909458330451,-0.1582946817263103,0
-0.5108322974354225,-0.16968689251549565,0
-0.524172171757375,-0.2098942910003873,0
-0.4387509853633823,-0.09094699150059232,0
-0.5254379990233045,-0.19131779292322118,0
-0.37015137865680825,-0.12315582140265172,0
-0.3294133763416336,-0.1734383126953718,0
-0.3331578459935222,-0.18145826200439766,0
-0.3188164749819843,-0.16476934325140394,0
-0.3524656278981325,-0.15540601232388937,0
-0.3541104682335102,-0.08547742039843591,0
-0.3740345387399619,-0.12342477606225599,0
-0.4397609683270515,-0.09751814049620708,0
-0.42623586934500146,-0.05157192712670432,0
-0.42342034015003027,-0.10500675589997205,0
-0.4163567656551521,-0.10127985898009305,0
-0.48218802410646827,-0.22040165472960815,0
-0.44115905361824387,-0.1317388856626734,0
-0.47282907274310937,-0.09644175745878983,0
-0.41987514873336906,-0.04669722350681514,0
-0.41393605802411015,-0.022497841179857748,0
-0.5098005522286324,0.039845144016086534,0
-0.49823746877305414,-0.029556714454342117,0
-0.5444375399095353,-0.053952136029429436,0
-0.47506192773053507,0.041949587782034704,0
-0.432000306737042,0.033009015773383034,0
-0.49324954939179233,0.0417186256746762,0
-0.41886729659721317,-0.0007138130344554322,0
-0.3967624158740184,-0.06497023829424782,0
-0.4369591394539654,0.1277531078881849,0
-0.46071289725169073,0.05105847623141843,0
-0.48471179880424653,0.11753618893966344,0
-0.4038302446486297,0.021865692503762538,0
-0.3688082428543031,0.04332647262468721,0
-0.4046317646058825,0.06298657461463755,0
-0.4178516245691529,0.054075268007565166,0
-0.4998786288041579,0.03668959635918545,0
-0.476470960712207,-0.015333900259085077,0
-0.5449098497019607,0.0777409091649589,0
-0.5579699133806262,-0.0005151393400402854,0
-0.5590474774586762,0.0478059119102705,0
-0.6052973133660807,0.012497008755078483,0
-0.589534877547707,0.0727838161695853,0
-0.5213737654703041,0.23521823635933597,0
-0.48366348077991805,0.16901059163379564,0
-0.6677457658056168,0.17206385469601498,0
-0.72344610541925,0.12465795895271994,0
-0.615964803311997,0.08263781895851693,0
-0.6644566645986892,0.1186537663818652,0
-0.6760433416851667,0.03872391836813571,0
-0.7250920965871868,0.06451558913472492,0
-0.6782265263747814,0.10174286713536479,0
-0.5889212491520934,0.05528183973251662,0
-0.6036847311160184,0.13999782768323826,0
-0.58190344389025,0.17152454050466376,0
-0.5166073520157898,0.13834525485843802,0
-0.7044121233029348,0.17807513777205794,0
-0.6265804431088398,0.1466531405600211,0
-0.6454870310389564,0.18438843390787502,0
-0.6946487789735354,0.1839952434616792,0
-0.7065506263060363,0.08956657330655049,0
-0.6648183283545656,0.19039893627438592,0
-0.6279209974121691,0.09736068449167995,0
-0.6462205859281916,0.05549592945653753,0
-0.7198585433157416,0.1269390803650715,0
-0.6619492158074777,0.08936665617721405,0
-0.6374498420784055,0.05106923862508029,0
-0.6480143642153007,0.16561869618162672,0
-0.6141671357881687,0.24995489006460278,0
-0.6171057206065339,0.2170685486737623,0
-0.6153147052924773,0.18350045131280285,0
-0.6201529616373485,0.18965220849722925,0
-0.632571123669734,0.189081055362534,0
-0.5510311045867224,0.24734520236705793,0
-0.6117571781379908,0.19639088585542913,0
-0.6204935535553084,0.21340214574423352,0
-0.585602929282447,0.18140402108092998,0
-0.6434029605203226,0.14943671541507153,0
-0.5653921038022748,0.17423403441680588,0
-0.6086653817976257,0.23670306803570113,0
-0.5181975705944124,0.4065985181086347,0
-0.540242216015957,0.21832767674267486,0
-0.5113643345277833,0.101500281837653,0
-0.5504468153765544,0.16277621932116415,0
-0.55126287560227,0.11521691979554069,0
-0.5607366142791969,0.27389761844169674,0
-0.5155371196234085,0.26851264053071294,0
-0.4969120019168699,0.2646684426130735,0
-0.5447786780879573,0.2655579883383739,0
-0.5832118058647398,0.20186692277673757,0
-0.5137522853623135,0.17823851750010156,0
-0.4310472756620578,0.20496770149963797,0
-0.5594554976424795,0.20108266483165993,0
-0.5496233508889021,0.11665951965154592,0
-0.5439078002453609,0.12013374199582988,0
-0.5388939764919649,0.13782705655776817,0
-0.6540450156474013,0.13382586040707753,0
-0.6695804281675126,-0.022572201142508075,0
-0.6902682837927033,0.16364905282421435,0
-0.6261767453928142,0.17202967671972566,0
-0.6627879776056783,0.16235571415635772,0
-0.5773958479821893,0.2433086210140893,0
-0.6629726830341437,0.24307846673000602,0
-0.6764292167673842,0.22288251843338255,0
-0.6540451382229197,0.12392564103024285,0
-0.6834742364892384,0.11379888291093858,0
-0.6564260556448037,0.06818852091306729,0
-0.6273493707838734,0.05558223365072765,0
-0.591171236818675,0.02631025030786841,0
-0.5752634840685945,0.039386956416849105,0
-0.5122280357525226,0.05047199691514841,0
-0.5702206491525248,0.09075568109691814,0
-0.518475698820212,0.05913575409881877,0
-0.44521358599597427,0.04882689823084192,0
-0.5339892178076885,0.019256146866625436,0
-0.5297623181807202,-0.032993771547093334,0
-0.5110897075929541,-0.01627718186541815,0
-0.5270438135468313,0.014998069046959439,0
-0.6080075441224851,-0.0032201079269939814,0
-0.5504276248104849,0.004159074489054312,0
-0.6099573475251061,0.08994887158247213,0
-0.6187709730441443,-0.01724397028981238,0
-0.5059410315667867,0.06375687547766942,0
-0.4756837246287492,-0.023470484025104932,0
-0.48515885413864335,0.02545999768624007,0
-0.47021685939215485,-0.02445279297575849,0
-0.4845685963099264,0.05005999255202431,0
-0.5637213745791928,0.012590706769522453,0
-0.4633995428911897,0.070478092174679,0
-0.497983205012299,-0.025294205434920974,0
-0.5011666584886483,-0.01654644333846219,0
-0.4635904704482688,-0.06806410178307791,0
-0.47922807693682246,-0.10743903649815331,0
-0.3114561853503665,-0.07863259057314799,0
-0.2827362717403636,-0.03641891302504055,0
-0.27839983290415976,0.01708381235537746,0
-0.2419413919443653,-0.002935449721076646,0
-0.24376915028210117,-0.0841210600158084,0
-0.25832499606837245,-0.051153921758444534,0
-0.2822754003687391,-0.031034706582605535,0
-0.3428991221508581,-0.13093321613217837,0
-0.23075418541128817,-0.08615436781598554,0
-0.2514521088801934,-0.10261056515398698,0
-0.23054754412119452,0.002078796581333836,0
-0.30392055459426776,-0.06542062371536397,0
-0.3207683636615712,-0.0008404361911492492,0
-0.28040106106356116,0.027863264235192888,0
-0.27451528772592204,-0.09761256873660695,0
-0.23388208969548202,-0.0197093743311324,0
-0.39691304759635965,0.013939860918079382,0
-0.4240582774934304,0.012307557372379808,0
-0.4263790682108603,0.07775404370801145,0
-0.47399124620459643,0.09645492474814771,0
-0.38817147343350134,0.15033516580099943,0
-0.47929952829699307,0.10701256062872536,0
-0.4057484124902675,0.067542947447889,0
-0.42437438073870015,0.04888310900199856,0
-0.3537368844100538,-0.019334767750900247,0
-0.39140012105224925,-0.10125949215126202,0
-0.3997122199694982,-0.009573455336388662,0
-0.32193299649026863,-0.07893971795664992,0
-0.32905322224306094,0.051166560403916095,0
-0.21579258837365517,0.09035660588335309,0
-0.29054487823805514,0.1380309188116517,0
-0.30753260943063415,0.06288474186601171,0
-0.3604290173564637,-0.002546925941982081,0
-0.3584857165636388,0.0856102948609143,0
-0.4102088074735296,0.08864656935591728,0
-0.3162069417491853,0.10824079042789307,0
-0.29579121983595036,-0.015030139380095175,0
-0.20491510852097344,-0.011345412999417544,0
-0.21720252263549772,0.008621630177336952,0
-0.27096769443837265,0.05739606988083115,0
-0.24551410179155775,0.03390133345102338,0
-0.35608678772897356,0.029432304911213118,0
-0.30078246639418166,0.013363500500579838,0
-0.3692272209204629,0.048249290307931944,0
-0.26270491925684303,-0.022949811652358987,0
-0.2640314773249169,-0.001005054441150663,0
-0.28807114715746374,0.026994149919867844,0
-0.2703273939169913,-0.002666859245593227,0
-0.3556164677791259,0.019769907493382338,0
-0.3718520721507982,-0.09160954190498645,0
-0.3707207042051535,-0.054653263434457554,0
-0.38976446468231996,-0.11389008830141495,0
-0.39107090165709446,-0.06452006221948016,0
-0.19336792557965587,-0.20625150395086161,0
-0.33744864136869346,-0.15349840149319885,0
-0.41160786283411305,-0.13338445125001397,0
-0.30279411539166345,-0.16209015235047863,0
-0.26059862434776365,-0.1159145996317115,0
-0.24388205423253972,-0.10950090198469194,0
-0.16446222504568875,-0.06426224523314897,0
-0.27267275672187774,0.036807170539653794,0
-0.15704036483312403,0.10325983791495585,0
-0.14103396924198258,0.054233286693217364,0
-0.1836234082952599,0.06748433925455266,0
-0.2546687609248107,-0.03312222159256803,0
-0.3413453389954416,-0.011696445866988162,0
-0.3790761457538488,-0.1541580970729841,0
-0.29327723478883033,0.032361923229156264,0
-0.32741160806535263,0.03181642577663243,0
-0.21794477845104027,0.036867686304874796,0
-0.2024350933310868,-0.010299362978497727,0
-0.2994511079481961,0.004011046913263297,0
-0.26203438157307346,-0.09479570568920984,0
-0.22165912143589706,-0.161289728793845,0
-0.10506600439594861,-0.003259358460515255,0
-0.2612436611577752,-0.07979448069963203,0
-0.20120652918661425,-0.030099198022317766,0
-0.27088676365213193,-0.0023907226587839524,0
-0.3023041997029462,0.019582718141640372,0
-0.3149226142516936,-0.07146452786078489,0
-0.266444935355141,-0.03640559703278532,0
-0.3526580121280945,-0.10647926616218958,0
-0.29711363063391394,-0.08220184576478197,0
-0.32026074572338575,-0.09976795173936329,0
-0.32433069140765936,-0.07979109109198616,0
-0.27348306185080734,0.04522120374715018,0
-0.4111191647689491,-0.023687738692302257,0
-0.36812773272850846,-0.05750646950746058,0
-0.29401065939923215,-0.012311611795153651,0
-0.2379944788931143,-0.11192879763238164,0
-0.36048857614103047,-0.028693954362266932,0
-0.36679293403288504,-0.05121097782135321,0
-0.3071515694858794,-0.08680313346422136,0
-0.21981840389474375,-0.10141678835747789,0
-0.32123759619253267,-0.056353651712230196,0
-0.37157932323325005,-0.05476416185724728,0
-0.3338305099087701,-0.12341960943077764,0
-0.26092639046052796,-0.16048603862030772,0
-0.21644343275381345,-0.14679668517473574,0
-0.23069613254854146,-0.17065946817320557,0
-0.30007135936874824,-0.04664276552708839,0
-0.2186885929102107,-0.017567889248110848,0
-0.22976838628954263,-0.08508722071792457,0
-0.2105845551813725,-0.09081428671574208,0
-0.13766190267731693,-0.03583982830732067,0
-0.07244835583263944,-0.009991077512989537,0
-0.1732620381693627,-0.05776217442414777,0
-0.15906988889382195,-0.10701558561960284,0
-0.07159198594268915,-0.07841094146137842,0
-0.11113270703989324,-0.11136980648170637,0
-0.12293200806540334,-0.06423478076537179,0
-0.07938610043626831,-0.09883563422793762,0
-0.1853963202616727,-0.021552052991531317,0
-0.2575296071567431,-0.08291400090929701,0
-0.25087783856957435,-0.1263200195399756,0
-0.13923176356695854,-0.1543821951352018,0
-0.1092214464925288,-0.15729122617990904,0
-0.12728982006678335,-0.07411439968267976,0
-0.10086107219143879,-0.17214338939391155,0
-0.16260070329290716,-0.07453296376066593,0
-0.10403718591253829,-0.09460395338849656,0
-0.1267954940184651,-0.06832567759695926,0
-0.12661315761921996,0.005484301092851029,0
-0.21411061466088607,-0.03103522617453071,0
-0.2788379822280548,0.03467831921260857,0
-0.31006195700425104,0.07833502366958867,0
-0.3350367479503771,0.042899786170890776,0
-0.2020931272844355,0.028510125120316074,0
-0.19614697783320004,-0.005607518996266568,0
-0.19740810504236136,-0.036549985485540254,0
-0.19707710202685277,-0.0009301034364027766,0
-0.22719852984149824,-0.018236985781936985,0
-0.31878027314376245,-0.0650458870211306,0
-0.29966261010076767,-0.03248059016111387,0
-0.2688103959839626,-0.03586618662878421,0
-0.24087231030647352,-0.024393549811833865,0
-0.23338385697905306,0.01416495922027125,0
-0.1846298145168891,-0.020654034492331177,0
-0.24948288601802587,0.029403132043673723,0
-0.1759910984783708,-0.000853380427896424,0
-0.18165952732750698,0.06175703929194848,0
-0.22493339206758015,0.079718665399097,0
-0.21405564540591504,0.08606019149115642,0
-0.16408915434416171,0.12592739138806638,0
-0.18443001972790404,0.13791282538564772,0
-0.17164044495769512,0.16389420978849,0
-0.20130482186693527,0.24219304640837794,0
-0.22682208843296348,0.061108722294388046,0
-0.2876991575971003,0.12401366644384336,0
-0.2361401552328621,0.1809535501185764,0
-0.27597657736312403,0.14592877900242393,0
-0.2248115173564178,0.25241141016209323,0
-0.35249582011363734,0.1913241572939295,0
-0.30144390506210417,0.19844799225932472,0
-0.329324788461589,0.2973956171857624,0
-0.3046039230892361,0.2532429328716958,0
-0.3562625830281255,0.2734767152830611,0
-0.2935022487930282,0.3283747421693619,0
-0.23533185914534444,0.27223081613472333,0
-0.27702566505987397,0.20910657529552357,0
-0.41043398414405885,0.2767234613866496,0
-0.38493791444067815,0.15080263386058076,0
-0.3373953791508581,0.11964238120206232,0
-0.4046505821580131,0.18612439202160674,0
-0.2972368357015098,0.22744261457995832,0
-0.2635906074776313,0.2162676721533502,0
-0.27811721577783083,0.1491554112993137,0
-0.31732840986913335,0.20268981280975504,0
-0.27691764738960956,0.31409489089413856,0
-0.26023301770911034,0.3008997991903269,0
-0.30954802817804944,0.2210921171158413,0
-0.21163106102653534,0.23823480006962822,0
-0.22226795657767476,0.2992978651058743,0
-0.2623614869082945,0.17013548607610668,0
-0.1616563651547171,0.19082185470421278,0
-0.154747984743756,0.15597372660476652,0
-0.10850788836989977,0.187551548280483,0
-0.1120005044660058,0.2229205059065374,0
-0.1242032210474145,0.18820414776074904,0
-0.08009113876058928,0.32574783396833296,0
-0.18387966513591741,0.3058572610484213,0
-0.19602168091535163,0.24203855707580063,0
-0.17773980916188747,0.17178721165444194,0
-0.11567704330006033,0.18953376586140627,0
-0.15010317563157097,0.2427416338739264,0
-0.07026343259507845,0.22511414459146512,0
-0.05991430927913564,0.3032304226072656,0
0.06372160905603949,0.22895441580118303,0
-0.007469519561098301,0.24463369269799842,0
-0.062252216459890854,0.2852534038173141,0
-0.0961353422839554,0.3342596477681387,0
-0.14713792834117087,0.3235413417453909,0
-0.1307951128411734,0.24999100393047693,0
-0.12562402507161147,0.2695341426890909,0
0.008705318394018058,0.2579961349034041,0
0.007860480393493595,0.26595478841571013,0
-0.1622707832775988,0.274621648290772,0
-0.14036248907799528,0.23236695702547633,0
-0.27004988296719695,0.2510103512093456,0
-0.235762203958164,0.2365333437467316,0
-0.13219656619531434,0.19844526503280915,0
-0.19489802185490854,0.1397264393617391,0
-0.11496527722016592,0.19429466235885204,0
-0.07074013603029938,0.18157199925376713,0
-0.08583281529897527,0.20246590803761635,0
-0.10626998690362127,0.2405070142553597,0
-0.09599770116423591,0.2420801928728605,0
-0.09248583445055292,0.2797951990998944,0
-0.026536801425157852,0.17655172682723486,0
-0.03361478824792412,0.14952151248422688,0
0.014146470591181216,0.23401127932110327,0
-0.028166208760054122,0.1907430568496688,0
0.0055212744381406414,0.18500304788404018,0
0.11497795861827953,0.21303190950989812,0
0.008561294575447617,0.34777036504930037,0
0.05998706665098763,0.28271928592097084,0
0.011490989604277517,0.28846120654426693,0
0.04467889839394039,0.25099454335645865,0
0.06414309468490964,0.25294456729363735,0
-0.027396992441355295,0.22876445354155384,0
-0.02703138061099671,0.2461709390275566,0
0.008297606823059866,0.13159233929771194,0
-0.05527456941327262,0.31553126304423396,0
0.040079810642749916,0.20009827889292292,0
-0.061724583469038335,0.11401249647769525,0
-0.01942321694212415,0.11909072655379056,0
-0.060250608653572055,0.24056311265360325,0
-0.09205338781854364,0.12629832229221172,0
-0.062159672496354776,0.14009075437977164,0
-0.21091965940821078,0.1288828244317724,0
-0.16279712444809902,0.18950939093795766,0
-0.1933442883326058,0.19513629313815725,0
-0.2706256620468359,0.3782822086493205,0
-0.27184172173534027,0.36221175101899256,0
-0.23255478666797513,0.4198956064190801,0
-0.18378778262009507,0.3712690688379064,0
-0.1542498378501203,0.33852638550705993,0
-0.21897106538494937,0.2524942038215995,0
-0.11768489753584882,0.2043257609927321,0
-0.11221908145996673,0.22518153653034245,0
-0.09389098829618879,0.2763919330058568,0
-0.14297780668847532,0.33619125754665796,0
-0.17235956736571437,0.23523293702609438,0
-0.23598461424868822,0.3310909045012651,0
-0.19782087726404762,0.3272233850197489,0
-0.24024222624827618,0.2308241008317079,0
-0.16404363343363992,0.23692202727888345,0
-0.2348127334402802,0.24168584468404633,0
-0.2355967933439589,0.3642662417907215,0
-0.19727062764882644,0.3094210409952392,0
-0.20837095893294916,0.3236995551540494,0
-0.20045553380450234,0.26742727201486594,0
-0.11069844286603447,0.2949484381964553,0
-0.15819768186696634,0.3580058341950997,0
-0.179638089782643,0.2598650628824511,0
-0.26812567748832733,0.1484902914576581,0
-0.23727155152067775,0.33038458223682143,0
-0.20517319632375497,0.32488505496731857,0
-0.22335210569636704,0.3408131909401867,0
-0.16883205204711832,0.35914291790295466,0
-0.147511163591166,0.36951773161328333,0
-0.16771560099884175,0.260555320584271,0
-0.27595554763585195,0.3909473390540441,0
-0.2504020825604224,0.4276560962298719,0
-0.3190589749590795,0.4850653271999691,0
-0.28011223047730643,0.4404056560036762,0
-0.3049453005417482,0.3874148636197801,0
-0.3920409689515682,0.35318223646421465,0
-0.2063294837570484,0.2858856638829672,0
-0.18059835498272264,0.16339678972704402,0
-0.20353406634596577,0.2615280756010313,0
-0.30898940685222975,0.21932919110252724,0
-0.29429480115062745,0.30224443611550933,0
-0.3154715487978374,0.23966783308155593,0
-0.25867967809783116,0.2655926346836571,0
-0.22587187721512567,0.1974533069492121,0
-0.16031517711921828,0.3062773309492907,0
-0.1933425955630629,0.2444849343486235,0
-0.1648701610852063,0.21186790294637126,0
-0.14811541602337494,0.1607033084303848,0
-0.1239826828167425,0.30475810986545815,0
-0.10462111164281167,0.3484418872260607,0
-0.05031501182406691,0.21338602325444905,0
-0.052646300271033244,0.1907387590640482,0
-0.08836881267779938,0.19987683557448846,0
-0.062183546892460986,0.2483479097853851,0
-0.07065443575875424,0.23611167208765116,0
-0.08070756616981639,0.28971193227459907,0
-0.09526420182547131,0.2831350566489656,0
-0.2204469517141534,0.35437152616552614,0
-0.17813607088634145,0.3710546690751722,0
-0.12529722303215177,0.40957824775856133,0
-0.09614372115816866,0.40133578819658267,0
-0.1097260101116355,0.35125955772380624,0
-0.09096014281998575,0.42355949537200543,0
-0.08009346912636174,0.40814138104557285,0
-0.10430445626804549,0.31900464473718015,0
-0.12344594647585969,0.36631176545372574,0
-0.09243877195795364,0.3638940458025915,0
0.032472148487763836,0.3869050460923975,0
-0.06915435551241436,0.3926045431221883,0
-0.0417747806471039,0.46157293760748697,0
-0.02121292714168607,0.4392629944843129,0
-0.0693640522715015,0.3560893262876598,0
-0.09696194862169157,0.35361310593066875,0
-0.05274520600044937,0.5067849890851996,0
-0.09490489358064298,0.4651769733313613,0
-0.022945885619664944,0.5150644167543483,0
-0.051250259944857324,0.4988529120614636,0
-0.12332767463624719,0.4600158129802156,0
-0.23419405800563423,0.37598367003846606,0
-0.18152879239902647,0.4126372170611106,0
-0.1095334726905147,0.38443216370417155,0
-0.1004552807407024,0.4151588619973745,0
-0.19956966458985392,0.2726061406710112,0
-0.06542871313289106,0.3342870765479249,0
-0.02576469790584522,0.3852526461555335,0
-0.03591693116800262,0.1927547074591377,0
-0.1509871997830973,0.17272317672006765,0
-0.0994287464986349,0.24859380941210638,0
-0.11888781861319722,0.1794782844846759,0
-0.11009171423179304,0.25742898197944325,0
-0.11122710228459919,0.25298477060202385,0
-0.11915098568764312,0.29923447385802326,0
-0.018314752118287994,0.39444261187054547,0
-0.1238886134588309,0.38636347678914235,0
0.0028983824446215667,0.3497774247974106,0
-0.00669168611477069,0.32974117613749876,0
-0.04451503325139441,0.23531390801063945,0
-0.0986345954159989,0.3082095840700342,0
-0.1511088028134225,0.32162100066721505,0
-0.019304861330751488,0.3133768292702227,0
-0.0697036890503712,0.21613853300270777,0
-0.09980536868404281,0.29909379405998804,0
-0.051749339738988986,0.25285592354504066,0
-0.07706166981108317,0.17909921184671396,0
0.028039314826712042,0.24017846608229332,0
-0.08535979656214353,0.1647361897025628,0
-0.054014360980921994,0.1264661006678391,0
-0.026644219333671594,0.1504404200208987,0
-0.03033211416862759,0.1378786195114835,0
-0.10194754940803874,0.09720028938511893,0
-0.06089490312124613,0.09462644626999428,0
-0.03647911886728961,0.0842877881317344,0
-0.0988013553900281,0.18687138902217548,0
-0.16998236327381847,0.11378439300293096,0
-0.08522035571337856,0.2627519876210641,0
-0.030964954681312808,0.2746530925497709,0
-0.10106081642514911,0.23357806819122745,0
-0.12429141739300878,0.17460488732219856,0
-0.16261937677077298,0.22285787966324377,0
-0.12683132164189914,0.22662293528386598,0
-0.07498818407668773,0.14040817321604587,0
-0.11965200948031166,0.20594663286719123,0
0.0138332026598105,0.2140730168607263,0
0.025137970959059643,0.1571629618261407,0
0.025365173359334605,0.21235115264372526,0
-0.08261355205428171,0.1960804492996951,0
-0.06494935361361007,0.1620643258535947,0
-0.09233134824083489,0.10660986693525724,0
-0.051565882774306813,0.10309790918300527,0
-0.11515148399620975,0.14028573647135006,0
-0.10292881768606489,0.06521823122668041,0
-0.09771644957310427,0.10498748391916143,0
-0.0596455060145013,0.04708466056401293,0
-0.004688544534905574,0.07580536987249939,0
0.011933104118930272,0.05789378216667748,0
0.028541122612362285,-0.023875894409143783,0
-0.001855673739169575,0.1294842876452859,0
-0.0299265246528638,-0.005796572728480859,0
-0.06881531501795338,-0.02918887242163104,0
-0.05663254877224945,0.01713539832472677,0
-0.14050512761551057,0.04365146634358156,0
-0.12065005594132522,-0.09915992009098604,0
-0.0720747993064926,-0.11026111302402536,0
-0.05360209004197462,-0.11665004872334589,0
-0.14607375079211252,-0.008049260396121874,0
-0.08316067123472147,0.037705328165426155,0
-0.07709467338205961,0.09442908585676307,0
-0.0237664147261038,0.07123403400355405,0
-0.04661125634016598,0.06052307945774932,0
-0.15832744831061968,0.12504342404009813,0
-0.14051299379064155,0.140106105786256,0
-0.1884341742317031,0.15460723038006313,0
-0.13437893129467832,0.13131227924116798,0
-0.09049990821925226,0.11128511145099552,0
-0.06914016938032802,0.057408448576200546,0
-0.10648835228155604,0.07055775401699713,0
-0.046446052072479746,0.12671225533137404,0
-0.042896216877088104,0.04333538453033059,0
-0.0526441921209652,0.08541130665981594,0
-0.04284748129370189,-0.02079590657482633,0
0.03871672791149881,0.02141099503833329,0
0.09882187755174614,0.03062241597021094,0
0.08130438984264454,0.006264272893027022,0
0.16607892752815961,0.01835813558930179,0
0.1089875309711532,-0.03989609567845313,0
0.11501398321697306,0.11608779431837606,0
0.059388490511490824,0.09164845043837554,0
-0.027421249020354824,0.11226703971377783,0
-0.04686245959575772,0.10139849196072744,0
-0.04131574044967211,0.133158763193239,0
0.02085920498682945,0.02717181851971745,0
-0.0585325321819433,0.11367539124008935,0
-0.09914396787308816,0.13104938728642002,0
-0.06901925839455755,0.24872413655193176,0
-0.03251639714834202,0.12467871184167248,0
0.04821566076522851,0.1260042222265509,0
-0.022500536276262084,0.25733665483981333,0
-0.08324449844162454,0.15576977894141192,0
-0.005168575435442954,0.23035630078809707,0
0.0005407488827077053,0.09977628209009562,0
0.013849784823476138,0.1565052531552996,0
0.060852086022044394,0.260089751138498,0
0.05654215640762312,0.18459616695032793,0
0.05122892001951851,0.19402536065302664,0
0.03494857293938422,0.13326248495527626,0
-0.03465219666004918,0.09103582882465533,0
-0.02217881684824088,0.22712320020302218,0
0.03282688238663177,0.1776177012806857,0
-0.05275820652156471,0.1351407111341811,0
-0.08554015665440068,0.18857757700900424,0
0.0036532148734418762,0.16969075663093586,0
-0.15095076090336917,0.1953431795810487,0
0.0026763210216476374,0.08836698999900734,0
-0.04370575523502735,0.09919213105902155,0
-0.08619807396015777,0.07700331743572905,0
-0.10314999328016206,0.07649835912181996,0
-0.059521782073799843,0.04837624165619074,0
-0.07101162497104299,-0.030971280011455715,0
-0.05870576797461403,0.01728203600456727,0
-0.11761940116930208,0.0004959138185021902,0
-0.12724698814045363,0.050932389817930905,0
-0.16425272479278355,0.0189569927140521,0
-0.15833389983239624,0.0899225505587121,0
-0.14590776063901467,0.09682326988282063,0
-0.1482321418134383,0.0963305890252353,0
-0.14501790099245818,0.08165564866796372,0
-0.2762047746612153,0.18310712327881168,0
-0.22456331987375916,0.10517378575893777,0
-0.2420128844616135,0.1427807313357829,0
-0.2071692808101713,0.16187575678607902,0
-0.21168662541834424,0.046529652739054045,0
-0.07775269572744117,0.020639442090186904,0
-0.11377211764534456,0.05880360922389878,0
-0.13657481941604815,0.09075073171181602,0
-0.12235293860068987,0.032358422740821124,0
-0.18995662996785534,0.027063770448757157,0
-0.09339826054440735,-0.011754764920356126,0
-0.09789328776773008,0.04321330948568429,0
0.049924818696746184,0.02841968258626066,0
-0.11166932914372195,-0.01708465260836116,0
-0.1257831159907002,0.03641947951898048,0
-0.21474292088842523,-0.024524076675721006,0
-0.28229521773657307,-0.03832973817999172,0
-0.21079635171760913,-0.0023788372570026153,0
-0.18707798865303377,-0.03872952706415381,0
-0.13731343937474985,-0.028473925400828107,0
-0.18884114077114567,-0.008648336626967575,0
-0.1795593726032796,-0.0947850297029276,0
-0.21598281353699786,0.00734982046944567,0
-0.1081547614681579,0.03404398110563215,0
-0.13783393357525942,0.025623522240065238,0
-0.13468198461550837,0.04147711364554551,0
-0.09816430383572484,0.016421246559811305,0
-0.07882577632466851,-0.021555901582542638,0
-0.0580920632556754,-0.03751197972889338,0
-0.09776659413954494,0.014947975114429052,0
-0.11749670466808872,0.03931471515209316,0
-0.10639289810126566,0.05148253190938603,0
-0.1206518855692034,0.04758467077726504,0
-0.1937272518479442,0.028364061788882396,0
-0.18147863403380876,-0.004198859304165265,0
-0.12404914883982912,0.045682100484804936,0
-0.05303703627995879,-0.0036179899309025515,0
-0.1766206375463544,-0.022893645278649774,0
-0.30244941771005845,0.07174726746047898,0
-0.28305773726638667,0.004276534195817638,0
-0.2630563510362499,-0.010660137055943401,0
-0.20608580931786244,0.0359004124579175,0
-0.1419896453493794,0.08184208809585533,0
-0.10895792463450414,0.15443225135294786,0
-0.19679636183437924,0.1323411963581498,0
-0.1285761163424776,0.17942686018096587,0
-0.06926230673511254,0.18424219065232464,0
-0.021103722238700072,0.17045685852559248,0
-0.05674868995098178,0.24002017457507857,0
-0.16535808761249887,0.17803095502841818,0
-0.1255517533015131,0.28966443516356755,0
-0.15813821552765417,0.26913811741315935,0
-0.058756716676580514,0.17183075695867725,0
-0.09377805296935385,0.11089924349954441,0
-0.19798286272568183,0.09266499970834688,0
-0.19931842689067805,0.01006002204801916,0
-0.25511290504667045,0.04768861502938626,0
-0.1734329008091537,-0.018076978416541253,0
-0.1933719252204664,0.043433026150755526,0
-0.1957122403807195,0.06612518852863641,0
-0.16371791446249834,0.10154002364112169,0
-0.21774112623504613,0.0867872583944233,0
-0.21202507516881838,0.038128003371607835,0
-0.25576435422650023,0.1412330806718478,0
-0.2513634983516069,0.06545572717283202,0
-0.2282796611920128,0.07030261703373189,0
-0.1436554517177182,0.09116110772736101,0
-0.0978040417071386,-0.006926539950968272,0
-0.20130427289306302,-0.02485223857601607,0
-0.24085408359175214,-0.02794020401724631,0
-0.1503592469823885,-0.03150558416086352,0
-0.1565092654300802,-0.001199426353812795,0
-0.1793163773616461,0.02118366276939189,0
-0.12705032407330993,0.01481116220228921,0
-0.0981074878602223,0.00960494022600403,0
-0.14848717833649888,-0.09155913044548385,0
-0.04915953014141211,-0.05532644903506514,0
-0.22122001773509495,-0.09745065655419745,0
-0.08212245303062476,0.042718171975751715,0
-0.18651142063944504,-0.043931012278612125,0
-0.22124041812903084,-0.051837844317740155,0
-0.1959641368347415,-0.012722104790475697,0
-0.19840593179826693,-0.07435015075346371,0
-0.16579640372735394,-0.06002130837762689,0
-0.12341310646302664,-0.06622488377234502,0
-0.11719487185827479,-0.07940904066178943,0
-0.05791495915513797,0.042556901630940544,0
-0.1466645500592928,0.05099824604936414,0
-0.15108180462004142,-0.06298905089942242,0
-0.18539378820167285,0.040310066266068936,0
-0.15013206251754657,-0.033737374481020876,0
-0.15492571678787564,-0.03209121193568622,0
-0.15932806255778373,-0.004332102732003521,0
-0.11376085289833004,0.026156733006284297,0
-0.18969714963514867,0.12534721073488123,0
-0.1747814519422149,0.13634258495842885,0
-0.11731324678988356,0.1304148273760524,0
-0.06692903624098337,0.13691630293397364,0
-0.0780828050361094,0.09136205290227076,0
-0.007414597600936476,0.06602524521647594,0
-0.03650168643996517,0.17091743677062451,0
0.020111211105172423,0.10306060986096019,0
-0.14708902528448972,0.0888913359551816,0
-0.042413403656366686,0.1544375605342312,0
-0.0010888111543726348,0.07554313475716751,0
0.023842761624553344,0.04878183080122227,0
-0.1181626569679666,0.18740831577485706,0
-0.07649553393561997,0.1579376716940545,0
-0.16400508770922478,0.23852264527327943,0
-0.12250116570412328,0.12241912612295622,0
-0.07228576333480675,0.2769058305551566,0
-0.04477225421848367,0.23252973249386627,0
-0.05116575861345586,0.18302722428976814,0
-0.09312593923385976,0.1759781529064795,0
-0.08445147332959757,0.20035054727643176,0
-0.04591876689111811,0.14255474358775994,0
-0.10416321188186597,0.17806107292584877,0
-0.011931887606259295,0.18264475022067583,0
-0.16507565950547584,0.12236538761935223,0
-0.13399743666144442,0.18656495328813533,0
-0.16160223473587887,0.16672040353813433,0
-0.1731868989477402,0.1029140697347239,0
-0.1620971063134794,0.17296758832855202,0
-0.14092900142646564,0.10275558334332069,0
-0.11001249485727264,0.09453057796628529,0
-0.1764940863810539,0.11456492846355656,0
-0.1805336016775009,0.0963826078003689,0
-0.23856957368250598,0.20903764570587885,0
-0.2266566665439038,0.15102983388681648,0
-0.2560476742097716,0.18711206456104812,0
-0.1723769225867387,0.13892872519631588,0
-0.1922007072205124,0.10902228319468019,0
-0.20493796586783322,0.0897215127204073,0
-0.25409222079888816,0.12606753912815188,0
-0.22338372669570364,0.15087149115961013,0
-0.1901316417097399,0.12283413469409782,0
-0.21561501727684151,0.05999535833196215,0
-0.21666237470538457,0.15855390636563357,0
-0.17721303179940667,0.14544869046378636,0
-0.08419633508667441,0.13850195733993373,0
-0.12962186652785196,0.07919811842478688,0
-0.06766311131194361,0.14617002321626255,0
-0.1752468383943615,0.08310295648059511,0
-0.13986048860456818,0.08580424329977523,0
-0.18733112929447426,0.09888281152390968,0
-0.30056740254552006,0.146457818940407,0
-0.35118989877968665,0.16820262233087308,0
-0.35362832148152806,0.20343648313625026,0
-0.33025042663123655,0.15694505612291781,0
-0.36586113392372227,0.2223257014083198,0
-0.37772911459408826,0.2865782199883445,0
-0.35865820223998846,0.1195175658438255,0
-0.21876323753736912,0.19962495900812355,0
-0.14876872522338208,0.321039730152808,0
-0.17451016806169958,0.2724084833691433,0
-0.190060661554646,0.2835544088556174,0
-0.15476671165928224,0.28905519942737473,0
-0.1996846414438689,0.3023467311692124,0
-0.22809616726883736,0.256321295319323,0
-0.2886919221579448,0.2968476477493596,0
-0.24918676608614176,0.2928339328394971,0
-0.21280877509055374,0.2928264728528008,0
-0.32820744119300094,0.2766384191715478,0
-0.18725629505714134,0.19245583520835507,0
-0.30631424027180987,0.28115469711644475,0
-0.2965754863002286,0.28962517017750256,0
-0.2808704948469099,0.2512326996835665,0
-0.2257922238718904,0.2623320672686029,0
-0.13016378672517553,0.20919894208500048,0
-0.16473743001818897,0.24728312278815662,0
-0.1609940055637266,0.17536369285931336,0
-0.2894365732041423,0.25550736287361164,0
-0.13890436370692508,0.19788647999692252,0
-0.26828953845032144,0.17344993566424854,0
-0.2637762293021783,0.1370513216561098,0
-0.32911212211482405,0.17359472840887258,0
-0.2719544638517991,0.1690915137441462,0
-0.20033498336989156,0.16821894261831427,0
-0.1941073543220813,0.2854757298008264,0
-0.24972415622384447,0.2717722983963632,0
-0.2676913457671803,0.252889228971093,0
-0.2310483962325477,0.22761284458737,0
-0.2763664537010186,0.24055451279004056,0
-0.28646888983967583,0.299168909322276,0
-0.28994380125411,0.17386480233057505,0
-0.22832902313488088,0.256082525432474,0
-0.20422931600618346,0.22719151439484647,0
-0.17590480306089054,0.18890151948976985,0
-0.21923966071844694,0.21713924304912274,0
-0.26955453952367003,0.17967442166203856,0
-0.28549651753895733,0.14237764514172147,0
-0.2825499391243428,0.29596562617029565,0
-0.19165133552899322,0.18470556697487242,0
-0.14251523187806006,0.19800807451715297,0
-0.2082012070453489,0.19389114256878487,0
-0.10108564273595395,0.18183974493232768,0
-0.1316575843827025,0.19772121381656177,0
-0.17982504180338157,0.06352880182337545,0
-0.24233535270324028,0.13919105084662875,0
-0.2701370212674305,0.06112006493584063,0
-0.3260299620834918,0.11551850245874506,0
-0.2385013155098145,0.15526336870554072,0
-0.2424158489326172,0.18467844426641392,0
-0.25811313432392297,0.201538029601645,0
-0.22755252337450027,0.1824595157114598,0
-0.359693405470009,0.12515035876351216,0
-0.30708232496176596,0.16475128233933095,0
-0.28412696003204296,0.11997856955724007,0
-0.4239803683149554,0.20704891913223333,0
-0.41431670494682754,0.2532005190256696,0
-0.42701627579312307,0.21600652910281953,0
-0.43676694158972995,0.2047726275666856,0
-0.38405382938814575,0.17518996261869257,0
-0.4090940241265036,0.22254394366194263,0
-0.3528340241785493,0.23278067668333344,0
-0.3465390845017606,0.23910827894685047,0
-0.35612001282041955,0.1691171676352456,0
-0.356373071159485,0.202489510430929,0
-0.20146574113877028,0.28826611784839384,0
-0.2488583421475925,0.22110232832393745,0
-0.22709043195499176,0.2284899561435059,0
-0.17928171985910232,0.0970552884468345,0
-0.2934939735557929,0.16996421643793394,0
-0.2812192078956671,0.09440461714524459,0
-0.2099128593397761,0.08556975694135598,0
-0.17611309730342184,0.08337583814435613,0
-0.1659855426992074,0.15258837407639517,0
-0.10753765580834235,0.07085236411125825,0
-0.18838321581973394,0.06628824415902695,0
-0.14119348927233485,-0.03231572364265643,0
-0.18043553479088115,-0.02729660588093169,0
-0.20262687378226374,0.06927487284722335,0
-0.2263543826842024,-0.0009205095218412229,0
-0.31147350973404486,0.0403433070685813,0
-0.09077603506884876,-0.07826727941461745,0
-0.2588590153127366,-0.05279293007544647,0
-0.28919317463018485,-0.04478152709764035,0
-0.2262798107790971,0.03569657404445203,0
-0.33581672959216957,0.014022445931004122,0
-0.24556597170919145,-0.02553581579120806,0
-0.14447119980241785,-0.05278214174371716,0
-0.1996828293096391,-0.03898955012666284,0
-0.07394768265338458,-0.03676524552188768,0
-0.08014838148634101,-0.0666343299861128,0
-0.08974156565064663,-0.059636566830863894,0
-0.15943361851677168,-0.0817363343481975,0
-0.12890474449511405,-0.04826551054309957,0
-0.10827897270849268,-0.07271453010768272,0
-0.13875017665577813,-0.07686769025919662,0
-0.10514045157583615,-0.08183556390102396,0
-0.14167662923504185,-0.12181973796342876,0
-0.08961075911304435,-0.15145777098537477,0
-0.1846220175531757,-0.11754654332041561,0
-0.08535789023394517,-0.09137245054884795,0
-0.1636386634010072,-0.10763491042069082,0
-0.20308103118318582,-0.076762845014594,0
-0.12393925541488904,-0.024478264876912854,0
-0.14323926777355067,-0.019192183502642287,0
-0.18862656964643015,0.01765770545224449,0
-0.1947499586565052,-0.03954244887796177,0
-0.29225555143805215,-0.022261364291067027,0
-0.19411540407452427,-0.05675125472337661,0
-0.26462626504119613,0.009742813907195058,0
-0.30618192889960927,0.03535558851440894,0
-0.2582815700916607,0.0250793889127045,0
-0.3051114790999485,-0.03301133393648527,0
-0.3595233948081209,-0.06685402458157592,0
-0.25374500118648624,0.05875401071783039,0
-0.3121765182444962,0.09512334569630593,0
-0.3207920078663726,0.12874152140763928,0
-0.25749346159931963,0.12464531541976909,0
-0.26838892710162177,0.07417662280036397,0
-0.2639077643678891,0.06074379876087017,0
-0.2849271082472806,0.020680421911467232,0
-0.2732392809886212,0.0488747068172291,0
-0.22332897072764146,0.05213925832027145,0
-0.25820068019534453,-0.002793981476365108,0
-0.29433922435607124,-0.0635882274024101,0
-0.28125956561642845,0.14957702978048262,0
-0.26080120508635585,0.09458096949420311,0
-0.2995520185747037,0.05021949601835794,0
-0.27900248673580397,0.06108922272687881,0
-0.24219815783631832,0.006427573746272418,0
-0.21321471345416707,0.09171623176035903,0
-0.25205620880703883,0.21545728336596792,0
-0.2982619571214448,0.06524932907285755,0
-0.2166836228684222,0.14399488373783137,0
-0.2865387965709078,0.18773192368191693,0
-0.23278257174354738,0.22751579108552822,0
-0.32586571123317043,0.19331983941902137,0
-0.23317262650091305,0.1151920337619452,0
-0.2486589013869598,0.08948811244913096,0
-0.2078395883709981,0.10064766042526108,0
-0.2403315282648071,0.05882831023035249,0
-0.2580888876995676,0.06522483414306558,0
-0.17359833175395106,0.08686290001138533,0
-0.21327313027039424,0.03737011096215795,0
-0.26652622043512786,0.017606919178598936,0
-0.27022438341415694,0.03375831693492367,0
-0.36866057838466576,0.003250134859035761,0
-0.2522515913881786,0.07431806360123358,0
-0.23956330327844136,0.010045558908801197,0
-0.23683521193253976,0.12398030740473054,0
-0.31543653048934095,0.08046133608493602,0
-0.33742065098440893,0.1069363235388607,0
-0.23757455199302926,0.1812385173879516,0
-0.23696661316591727,0.17964530239217485,0
-0.3843795826192534,0.19228988080888507,0
-0.37915300455354367,0.1284944189959153,0
-0.37430392283314085,0.054659988816576646,0
-0.38334438218740546,0.0959590395731447,0
-0.4533784345471836,0.029660825409075997,0
-0.3843954591661885,0.13315597955663844,0
-0.4373330202741636,-0.04146628123357965,0
-0.376712040264449,-0.017861570742354487,0
-0.4362166563609189,0.03777461930390062,0
-0.4720715483498443,0.074500286013009,0
-0.44631847771194383,0.12113482724451625,0
-0.3496088919374862,0.1675051444924351,0
-0.4449254106568121,0.11819153840749583,0
-0.3676440330877515,0.2244354595819199,0
-0.48654643402498327,0.13446006131412144,0
-0.5005207900769987,0.09243600631965257,0
-0.413186188986166,0.14392083637033548,0
-0.46817071702332225,0.041812170773233195,0
-0.44088097298720946,0.16551177939167477,0
-0.3823482108379411,0.17553957360552833,0
-0.4134535978175194,0.18208058881520717,0
-0.3802131864472885,0.08598968006353544,0
-0.5053571485968285,0.11267709630722751,0
-0.46140796206336265,0.07692706480255546,0
-0.45745528998603985,0.10749727006917223,0
-0.30819900702048114,0.08441043903118785,0
-0.311384773955099,0.10867457104065723,0
-0.2555487290805732,0.07962535451619532,0
-0.2763475040708058,0.09279544070235524,0
-0.2636550491961964,0.21334026876299172,0
-0.21348220015257402,0.22700687212169168,0
-0.1838119169426391,0.19572535991825793,0
-0.08331176874668239,0.20828987848489608,0
-0.16428349646294543,0.19996462428125109,0
-0.274641287590483,0.17875529958248604,0
-0.19776882977180926,0.23600468385065332,0
-0.10504092946898094,0.2682651047923609,0
-0.10017099574302671,0.31077078416596254,0
-0.1352795298500855,0.33199917859987205,0
-0.2092390296246811,0.4120775833459326,0
-0.23933632468472332,0.3641056181926277,0
-0.3249019644562334,0.4081020623309677,0
-0.21699113261466849,0.30608651860009745,0
-0.22895229270981093,0.27684920862370593,0
-0.17321150455064366,0.29024163923281726,0
-0.21142526091610755,0.3198011231398631,0
-0.21725879428218273,0.2914154441042009,0
-0.20961482078575386,0.22362409118819876,0
-0.2103979319812625,0.22977751574838204,0
-0.12260976345987662,0.19440071937784034,0
-0.12196382361207325,0.20610056109280891,0
-0.060329286848300925,0.17505638074177238,0
-0.10673960430072017,0.13002401322179902,0
0.040232788373006464,0.16091445554885903,0
-0.13553671821631247,0.18782283163597627,0
-0.11052717696444699,0.17444034235464645,0
-0.1643162091849432,0.1658517277952809,0
-0.22381827832723578,0.19251302439505866,0
-0.23803363789800158,0.2482829652341398,0
-0.23528733545457042,0.28027267862387917,0
-0.1818651796726193,0.3091533907306219,0
-0.18925642274150686,0.11904710434759058,0
-0.1683263961585289,0.15606855689733568,0
-0.2494440688558226,0.31789289196773496,0
-0.2642409535598644,0.17330940898474018,0
-0.22719632270009815,0.19967542398978655,0
-0.19858082781088832,0.33760166147345944,0
-0.34159477491914003,0.22670127924602404,0
-0.3609587865236342,0.20006191194899742,0
-0.36938731954153564,0.2730880789633529,0
-0.3133811984396886,0.2479826030329879,0
-0.3671772987020527,0.33997405281948095,0
-0.3398186189665349,0.23895288514333396,0
-0.3032821266680803,0.26780656409042647,0
-0.258984873333996,0.33432379971582515,0
-0.1881276288147276,0.2821122225950948,0
-0.266592818102538,0.25840636472577555,0
-0.26559041320748716,0.2286505313582699,0
-0.26231580296426343,0.17878287048429553,0
-0.19712345894065977,0.14759713067797514,0
-0.14311813116840574,0.24516058612343308,0
-0.09529300072793026,0.1541428367194057,0
-0.2594392052236633,0.1893440409831642,0
-0.2766081106988266,0.10017698461446872,0
-0.2508553911972625,0.11687754564691352,0
-0.26478627791111137,0.230314557742337,0
-0.20324967571312397,0.2147779373845908,0
-0.2349598800790953,0.2584881196473669,0
-0.3080178350518444,0.2511045286842431,0
-0.2863974771169633,0.29632600926795016,0
-0.27861701742007466,0.3160306434898015,0
-0.24581079451810245,0.36637692745566375,0
-0.23564726825236504,0.26843479840747747,0
-0.2961599893250076,0.3171013854792425,0
-0.30739828790540336,0.17102182951546635,0
-0.2838042493141543,0.21294953112326898,0
-0.26438218754163967,0.25922601891908853,0
-0.29560734584071036,0.31002260743402316,0
-0.17357835633752905,0.41819929253585986,0
-0.20855013319775376,0.32665741730441855,0
-0.3398716653422821,0.364043792312925,0
-0.28490233864361847,0.3852266661255594,0
-0.3730471552518321,0.3550812352599664,0
-0.39728688274750007,0.30697028525448555,0
-0.35761800268528293,0.2732007043245045,0
-0.2883570945945334,0.29839786685097713,0
-0.29429133182993017,0.22525203622887355,0
-0.46129511495715647,0.3168794120581385,0
-0.4569718528627335,0.4013593773023751,0
-0.48490035208802545,0.38202690977611253,0
-0.41771047355899016,0.32519216622892977,0
-0.4345168989658171,0.3751479039963126,0
-0.4083276890367805,0.3889956199246668,0
-0.4187397761033204,0.40305309583098453,0
-0.3733158579622876,0.2824856690118016,0
-0.45128557388134843,0.33406474635128947,0
-0.2991181040785382,0.3730920387926694,0
-0.2819815834582055,0.29454298390532546,0
-0.29803045882699236,0.20016522286080354,0
-0.1569250696429813,0.22539216909303011,0
-0.31224987768177015,0.20411315750692888,0
-0.22950318052747215,0.23831224574475382,0
-0.20957833520741825,0.3598627654240253,0
-0.310828581045192,0.34809193502258107,0
-0.19762345434543296,0.3256443772769385,0
-0.19901721462115438,0.27518877950022996,0
-0.2969982573077464,0.23376763026236688,0
-0.2891488108330692,0.32223754497872015,0
-0.2417530784120277,0.28588499521274197,0
-0.17307786575075995,0.3542574290717237,0
-0.20900284825506069,0.28499898007517027,0
-0.08449362116481925,0.3018512934159756,0
-0.14123325471000842,0.3470761245685933,0
-0.12326636408290333,0.25948463534414085,0
-0.19632292371479187,0.34336115267428025,0
-0.19812174477558328,0.2854866804792028,0
-0.09136984482996313,0.31130610097621797,0
-0.07205814861309984,0.40684824834917305,0
-0.11996712432918,0.2891740314738514,0
-0.06682798133315368,0.2770922212448964,0
-0.17136766088927669,0.25088898125697734,0
-0.2064237102688421,0.28455519954235514,0
-0.12813868223627112,0.33949772550798185,0
-0.10906515320335089,0.32120080865524653,0
-0.19017293170675675,0.27503210114710075,0
-0.13206288170997682,0.23465930091015538,0
-0.18360279442546235,0.26132558974643133,0
-0.15756814607972364,0.24426834721858548,0
-0.09954106015962769,0.2643240510483643,0
-0.12710426035378167,0.29827279830716663,0
-0.062197434619811545,0.26714988275401264,0
-0.07093159745464134,0.2656672166000575,0
-0.07363434378181342,0.312497306388952,0
-0.1911051820497615,0.2824570220605601,0
-0.16697513083002907,0.30169563751840456,0
-0.14513128984347426,0.28594861475475286,0
-0.039950552503208725,0.28990921161818883,0
-0.1381012636408357,0.2610460861557943,0
-0.031515981776155125,0.23673011723154586,0
-0.15864421924146455,0.1976320712077154,0
-0.22061195679613516,0.23763200070187762,0
-0.22225510814007335,0.18541486881874328,0
-0.21324010507809166,0.1917472021593137,0
-0.15937783117675827,0.1636825469989957,0
-0.15938907450082485,0.22222010446314558,0
-0.23068836565285294,0.24829111755896244,0
-0.11966625067401597,0.17972229347540286,0
-0.10359602929281524,0.14357403711362088,0
-0.1526411667171558,0.13581332340686367,0
-0.0005095487196489779,0.24509975401281592,0
-0.08695360533432073,0.3400899716372672,0
-0.050052339710469004,0.24300444057986478,0
-0.10932608360463639,0.24644194704296643,0
-0.13272997582714172,0.33347544106916993,0
-0.20984385188181265,0.4225560338274057,0
-0.18656907430675096,0.2825298021672976,0
-0.28887084468951824,0.3178230895617826,0
-0.2577768592729978,0.3653424950306961,0
-0.2389844616199934,0.32477305711391624,0
-0.19987676023172987,0.2716397919143796,0
-0.12915845869257875,0.30252829409868726,0
-0.08886676732323798,0.2794270111685032,0
-0.1744496587706334,0.19028970123996997,0
-0.18951712985115646,0.3083146729395849,0
-0.13215826920728985,0.31453421621830857,0
-0.17746568614903763,0.33334533963282537,0
-0.13183811255118189,0.3646770303770741,0
-0.13780167810529106,0.28768046961890764,0
-0.02637168466177936,0.2889286658677123,0
-0.10427655322833136,0.23366285051851685,0
-0.17156016259587223,0.15195162048577254,0
-0.0177906622005492,0.10250210682281014,0
-0.11963195726023769,0.13090866790511244,0
-0.12469714140433698,0.16745471487143443,0
-0.12134789507437907,0.1751526839989193,0
-0.0695976416311985,0.24793134279667106,0
-0.15607995454610757,0.2285796211960047,0
-0.11306055811769866,0.24385997750966648,0
-0.0323578485681367,0.2512352610923698,0
-0.09444944032518918,0.2867359700853982,0
-0.09824198500863049,0.2119250335086647,0
-0.07974356235933874,0.1960147756657143,0
-0.0591505622898089,0.18532362115631468,0
-0.08240850225071587,0.11836227206111266,0
0.026763214596369794,0.04929340371868128,0
-0.033439096686021,0.07366702577561494,0
-0.07231863589520912,0.07827850376538285,0
-0.06723273969600421,0.06177994527006882,0
-0.11888414250743007,-0.009122792946077221,0
-0.1540157343918752,0.05605634383270637,0
-0.08779479411094815,0.0324134674057032,0
-0.09803075842148964,-0.019872549412329583,0
-0.0790137966352831,0.07783843855903655,0
-0.04875306698044472,0.08374069748019466,0
-0.13474667481250518,0.05194114768652977,0
-0.06682672444398602,0.16115728493149725,0
-0.08222906074117159,0.13997057360363174,0
-0.0031637543789573563,0.07453200861578732,0
0.04444165488886553,0.10648700160430591,0
-0.02230489912393086,0.054646757875314596,0
-0.09650901753125227,0.06662364676766527,0
-0.1626253607990787,0.12131713612284026,0
-0.11527606867992857,0.15602711701882543,0
-0.1328150279298776,0.18506581250751966,0
-0.11587898187111045,0.06907092741928657,0
-0.216348114944659,0.07144175218040939,0
-0.15571406116711445,0.09375633723989316,0
-0.1873308134172423,0.034912402520053044,0
-0.21857208770532122,0.13946854231468359,0
-0.22565762791259975,0.05655701876860886,0
-0.15776723648903895,0.03484052364565812,0
-0.2011299043211712,0.20418455658716309,0
-0.18813162858837942,0.12477123821067047,0
-0.24975957945987315,0.19839307200450296,0
-0.282297523205912,0.21221064262768952,0
-0.27419580233867263,0.12357152612763693,0
-0.25707254811062197,0.11828797648868516,0
-0.2991858181659098,0.16843604155950997,0
-0.27137954599215935,0.14080560270019107,0
-0.2803350252049371,0.20220231071089892,0
-0.38568439836429913,0.0869388285751934,0
-0.19639343203531753,0.04230626735816527,0
-0.23822983126715291,0.07223996781934497,0
-0.25048113499129293,0.15769955545417438,0
-0.33118425174427923,0.1546447943108593,0
-0.38990767677933996,0.2125743996056676,0
-0.37035193439948083,0.219617357416657,0
-0.31957720067803624,0.1907868386592026,0
-0.3191824289082341,0.22116766613833352,0
-0.38990769515076656,0.13075792861010882,0
-0.24566779585545537,0.15344008327484424,0
-0.15112329921201245,0.06804034099835764,0
-0.11793483841447519,0.20476953577352147,0
-0.15640192387379695,0.2248051118652925,0
-0.11381656601584425,0.17801629408389155,0
-0.18021378589176917,0.09799694490247954,0
-0.1310129094747952,0.14740657638593901,0
-0.20360047931770744,0.16800769000281415,0
-0.1025915728783269,0.2692329878386204,0
-0.15617216682715984,0.2303248806104973,0
-0.11907463410948005,0.21187346090617865,0
-0.04463253815682133,0.2441509003810919,0
-0.10545424413166002,0.236641169613391,0
-0.10459493222251762,0.20084486224829198,0
0.014332515918493202,0.23494666984880896,0
0.03869301026159239,0.14480241898519508,0
-0.03674341622406882,0.2533885622065687,0
0.019892172840286083,0.18376954611818264,0
-0.019477303353014987,0.20227833791935274,0
-0.008834611586401631,0.14487744522702728,0
0.13939324505410197,0.08358112863658264,0
0.015022916961118571,0.12425983825258663,0
-0.05571284744536888,0.062455905190413705,0
-0.02596769418063147,0.057588975921577544,0
-0.00882300356093739,0.07137792927157785,0
-0.07936967278819095,0.08519923894483508,0
-0.09337236516256306,0.12976479312344272,0
-0.09434802561566726,0.06926290473210281,0
-0.052986029255641894,0.0746515695870134,0
-0.18855155104519705,0.13469342825983993,0
-0.176806232561122,0.14071646404707025,0
-0.04881616157648136,0.13820742303624958,0
-0.08024526497737307,0.09621556202144654,0
-0.028704954524016835,0.1804872966446302,0
0.04226399437694847,0.164301242155133,0
-0.009429017346828647,0.29188998386319387,0
0.029892140154031605,0.12285438653798345,0
0.04002589643777969,0.19983792310084403,0
0.030041304283814928,0.1389401894700416,0
0.032901399723888454,0.10660766345526335,0
-0.004775078865002155,0.13162923774689306,0
0.07706408043477114,0.10549638825726292,0
0.10141055091673773,0.13461568970516358,0
0.07962605313271337,0.07511813675791783,0
0.0847403786604098,0.04775765305745585,0
0.06062347239585843,0.08673123345391945,0
0.005965069693378303,0.1339882600428359,0
0.1235031915638746,0.09025368492025043,0
0.1326364872902021,0.1210466814670447,0
0.10589926536022476,0.0599510166935185,0
0.14175235494759292,0.1104315246933753,0
0.08169323648972422,0.15104911219995568,0
0.08229315343390692,0.035989985340213845,0
0.014251169668431832,0.13580282212302347,0
0.16427651524580372,0.08064216061987967,0
0.14731147900122776,0.07822712721017042,0
0.16884345727050334,0.09693498185914098,0
0.14812761438354546,-0.03999472351821634,0
0.16511574135516982,0.09286100429488373,0
0.19304613706822113,0.06600446328053199,0
0.046129411646918084,0.056002388293261,0
0.015464205044435561,0.08335120615029729,0
-0.060428554552938024,0.05301445338630673,0
0.002468541704435223,-0.018199659957334573,0
0.062449770400613946,0.0741724994921586,0
0.01715852822134005,0.06373258004769974,0
-0.06049350908293297,0.09164840903821464,0
-0.060835929973159085,-0.01690534924761815,0
-0.07794660694312291,-0.048128323912060345,0
-0.13351892831596207,0.06904806363203594,0
-0.059189400093632175,0.04326370995051868,0
-0.043743055560998514,0.07038553343456308,0
-0.021498531027269605,0.1389875715970015,0
-0.03959589733018661,0.04138949589254538,0
0.02126259794847478,0.06126881337341904,0
0.03730250920584338,0.18294674833935665,0
-0.03919560778536582,0.15219954823629878,0
-0.02927082544470285,0.1325944634356579,0
-0.08332832912302349,0.10361050613126041,0
-0.0630372435100889,0.07247780507747299,0
0.004147152313623129,0.09307347044656497,0
0.01891772409857919,0.10764288507833557,0
0.004300877134208498,0.08288544019900393,0
-0.06066838706100615,0.07828606094274854,0
-0.03820511758131985,0.007612766797660903,0
-0.17820892790572307,0.06261976112960688,0
-0.13878421834301816,0.048523714622974536,0
-0.1023036383281917,0.11443688325978399,0
0.01693196222670365,-0.027008393686113907,0
-0.016322561793955782,0.11405195387180334,0
-0.0724822568838875,0.09060359981157134,0
-0.08262395301012565,0.02882065739565212,0
-0.06347840530116544,0.06364080701888909,0
-0.11966413484365926,0.05330873523861112,0
-0.20188107443750095,0.009846013110121565,0
-0.12601210167844445,0.028609962983445397,0
-0.15768962978348142,0.04539145610178499,0
-0.16858373949543812,-0.011108720543663402,0
-0.17567105995896395,0.08051926727494108,0
-0.19826055290812453,0.04144457721286237,0
-0.12277116483371459,0.10000646637432076,0
-0.05356596716857896,0.10475477792184454,0
-0.05697590396141175,0.09731394122189206,0
-0.16832278982574164,0.12708867900586435,0
-0.18296465250157304,0.1799886018241251,0
-0.13023651074362957,0.20343636479329774,0
-0.22011859555212487,0.09003291112609307,0
-0.19020078947658475,0.08620927592325382,0
-0.2561617614862363,0.036048240547145796,0
-0.15963683710125115,0.041318138098547466,0
-0.19109212011546114,0.09474801889168433,0
-0.2324259170148816,0.12451767515760695,0
-0.13708974608699542,0.1217801532923625,0
-0.23957233516701587,0.09706077112942915,0
-0.1676843743550114,0.11855573867233243,0
-0.2751980598682004,0.14758885767642133,0
-0.29128399143728856,0.12561094357821523,0
-0.28773486353877414,0.11371200167926392,0
-0.2572039512425123,0.10322126265993561,0
-0.21236879580140153,0.1542674281970839,0
-0.22307218169862003,0.1321168992385831,0
-0.17197144535196174,0.10043669372660748,0
-0.19434398261979333,0.2637384627044997,0
-0.15788597806983276,0.18315865944734822,0
-0.15733645300835628,0.08523216374765019,0
-0.14346660078023188,0.27575584140501663,0
-0.18194006210908942,0.23038971329874874,0
-0.12471501485990746,0.24658525744118026,0
-0.17337540727038028,0.2577626612384479,0
-0.05103875896871432,0.2324194460351826,0
-0.11351662485358491,0.31507213532794554,0
-0.1449318694085355,0.32771125553464125,0
-0.20198208353747266,0.3849630657392322,0
-0.13758085009162654,0.37926057334024826,0
-0.14986239469370013,0.3458174275805081,0
-0.024652299421490276,0.34103006273084063,0
-0.12607170559241654,0.2876171439233087,0
-0.1321499703478697,0.25898329224153016,0
-0.10324337637456464,0.23843393915830804,0
0.04950048282068688,0.30613276726075683,0
0.02968288967991445,0.2926977116060919,0
-0.015633995317845515,0.3418190629005766,0
-0.1227010971193752,0.2677712012262282,0
-0.039596025218509856,0.3334973997166607,0
-0.03438416282085957,0.28054286296835435,0
0.03414980743246082,0.3652749632703933,0
-0.013504539883097647,0.39780108566790245,0
0.034239628037495015,0.4466320064936455,0
0.07671212174844341,0.447496927876238,0
-0.05777640863761738,0.4008276578821249,0
-0.05171036654739355,0.4457295892414508,0
-0.03297039384189013,0.36219988584034757,0
-0.005458244425354707,0.4978281033974711,0
-0.18006854767887312,0.4500055998158907,0
-0.0912589874115851,0.4187860113193276,0
-0.167114993587624,0.3531627582146492,0
-0.19104131142725905,0.41380739187002247,0
-0.13104864807036276,0.3429977996544401,0
-0.12804903807285148,0.36158679553733525,0
-0.18612386721804774,0.38614736825878526,0
-0.11150113997206479,0.4351304111779489,0
-0.1247962267306576,0.49816427249128803,0
-0.135568537633088,0.3960329414745873,0
-0.20682378815649655,0.503004556226518,0
-0.1321902001508839,0.5635936314237636,0
-0.1682332928165864,0.5119867493737382,0
-0.15575575987955456,0.4592055503375402,0
-0.08408117735519309,0.5199101129708342,0
-0.09901900310786763,0.57974224713757,0
-0.16433035380469013,0.5667904317445641,0
-0.20045655221119268,0.5549162528394561,0
-0.11948390360148002,0.5241408823303826,0
-0.10530766678840829,0.45141071551357353,0
-0.15213438282770567,0.41060419764856815,0
-0.15054866640863818,0.47790834606130533,0
-0.041317785746560406,0.48796115918175464,0
-0.09751241019034038,0.4726508780744451,0
-0.1424202331832134,0.267737729158565,0
-0.05166862858748031,0.35924318526820476,0
-0.0894014681814298,0.4386728428222655,0
-0.11469651634417961,0.39938610946250686,0
-0.06363240210529414,0.41212463042656106,0
-0.02697925769252235,0.4653163153568773,0
-0.001745605974413679,0.49107227323461616,0
0.021675353631648225,0.46468334328795075,0
-0.04966187546743067,0.42542641182891744,0
-0.041540057834402865,0.4388572035696578,0
-0.041970865845348634,0.38353034625375587,0
-0.05979718671250818,0.43956444842207576,0
-0.1169592275612946,0.4500951040365244,0
0.02918587331422917,0.45910380730302686,0
0.020123609861005906,0.3920558036792285,0
0.05677591981310471,0.33670483400545803,0
0.1073712425297185,0.33692124061616013,0
0.10286031285232677,0.28008804529763254,0
0.0817152788673442,0.27967698351715187,0
0.021174513347540586,0.33154853433066594,0
0.10324334471724037,0.34869620270655854,0
0.08766372095502944,0.3082980209294686,0
0.032994536018190516,0.4464830423313228,0
0.0485503019651153,0.4495433169212064,0
0.08679161237293782,0.5146338593206354,0
-0.049482185520122915,0.45954820502124405,0
-0.10016337707088299,0.3989401023775366,0
-0.163061181768637,0.41957116803460953,0
-0.04795737413950128,0.49281828678601536,0
-0.06768675966675536,0.4341199102816456,0
-0.027847834576169184,0.39515369126264466,0
-0.024368792722177242,0.4955785121553149,0
-0.07143674500218196,0.4490313688690116,0
-0.09607521035321578,0.5307105261695818,0
-0.050541833786163046,0.4471021642097184,0
-0.17789048671195595,0.45769247151237413,0
-0.15255518559639802,0.5070931661971249,0
-0.23355760180693164,0.4584458141518416,0
-0.19304428669655666,0.3918842807029802,0
-0.1592125646143306,0.3856017993025151,0
-0.09861284008784252,0.39810743555373584,0
-0.1718888046170363,0.35198322931325177,0
-0.2092649412801985,0.42277424015937026,0
-0.15463104634679395,0.384831891098463,0
-0.12167545125306106,0.37619494946607396,0
-0.15546980335480295,0.49478497364934676,0
-0.13034571152081292,0.43149920299366257,0
-0.22994307983851525,0.5146413049820499,0
-0.2045303838112438,0.532300681530286,0
-0.20659435798574602,0.5137446399371877,0
-0.24330757546756498,0.5110076246398118,0
-0.24978888012853678,0.5420606351389929,0
-0.22423486141512036,0.503257364876781,0
-0.31378448223986855,0.5195525404162185,0
-0.3091041365315407,0.3833016174026388,0
-0.2318372001778997,0.4039914949654021,0
-0.26308976060602335,0.5312215290316489,0
-0.3311470465096248,0.4472783835285158,0
-0.18717452167237425,0.5109653788695795,0
-0.3137259439470058,0.4413748566901551,0
-0.30637211769940703,0.418524277287934,0
-0.2808504264452166,0.4137558171644599,0
-0.3082830736754992,0.4359829146487251,0
-0.34150463796873815,0.4106754515934455,0
-0.3045216643480854,0.42975191255290623,0
-0.4046158150340621,0.41486214768626656,0
-0.43341989195535296,0.47751652657254234,0
-0.38945667702521247,0.473816473025928,0
-0.3230861927153569,0.4317654713486192,0
-0.3492175564134955,0.43952225398856803,0
-0.38201416915993314,0.4036623633553239,0
-0.34853489027055407,0.4532613537792456,0
-0.3102981174818389,0.35074881707599725,0
-0.30480676172204724,0.253285407944741,0
-0.2726416303073535,0.35573790407875383,0
-0.24320921082119165,0.33618421609815446,0
-0.4226486909700178,0.36885746029184263,0
-0.42774364202572107,0.37396295152831016,0
-0.4333056118896989,0.432515076391083,0
-0.38892385911522487,0.4273648447837733,0
-0.3389482724352553,0.3832595705127684,0
-0.3167336020083193,0.33970064864082405,0
-0.3453326026668339,0.3351035774037395,0
-0.43386028807763544,0.35100982594883134,0
-0.38384723730811376,0.28437903080286375,0
-0.37937589120431886,0.33037403143119076,0
-0.3874529828437334,0.3691529121643875,0
-0.3556026611106974,0.35891778164906213,0
-0.3090147185408312,0.4239089901265735,0
-0.31206867337766564,0.4879337762626311,0
-0.3159334464938455,0.4811490876065082,0
-0.24060564999667083,0.5408722410136304,0
-0.32514772764533817,0.414788224674317,0
-0.2310106840889227,0.4070768227083476,0
-0.2301356744625135,0.5385280688348243,0
-0.2092072349587028,0.5403466502656666,0
-0.311923595124473,0.5549745399400439,0
-0.29070551858628874,0.5034660460577296,0
-0.26776146292027764,0.503764041392816,0
-0.24719558772281786,0.5598969083812104,0
-0.23639571760563052,0.6510759807643306,0
-0.29004418221465883,0.5251100643889198,0
-0.25110139734071857,0.5755321286400185,0
-0.23471569671194123,0.5290775358905456,0
-0.18261725743092386,0.6066176489820536,0
-0.29600967924189936,0.5757602412087832,0
-0.20420289443630524,0.5460649716376057,0
-0.23742519278408622,0.5739939950523959,0
-0.28632975374578806,0.5778575788803815,0
-0.3371119905168188,0.6087139437251099,0
-0.2921061329185144,0.3799655873418507,0
-0.34566572483880736,0.44192796208151497,0
-0.33242020673729683,0.4419553356332455,0
-0.35244798741207417,0.5296693176059071,0
-0.3502691436274277,0.421300526197595,0
-0.3043552861330208,0.49812920012424505,0
-0.3654916921509917,0.46726298070832056,0
-0.3696952013147217,0.49649682803623,0
-0.4212672344172814,0.4742662516237628,0
-0.419091854618678,0.39809150172483926,0
-0.330327142895245,0.3608267526949791,0
-0.3813044445517645,0.33501372120854994,0
-0.3003820569101088,0.2387403994508389,0
-0.3757284340213565,0.32183164474533454,0
-0.36014905631193156,0.331025807755221,0
-0.3479895859849407,0.29178335867063077,0
-0.3647446969829405,0.3318354163329159,0
-0.39410390306929977,0.3625942217270012,0
-0.3703380615131408,0.31061420132437945,0
-0.30870756409762723,0.3642290902420742,0
-0.3175092389857691,0.38884060310947616,0
-0.3174851715823119,0.32189375623245503,0
-0.2639981592880897,0.28869885327904693,0
-0.26048780145219497,0.32485037259599914,0
-0.26709963380108104,0.3593141283329042,0
-0.3511146013261325,0.3865574154473986,0
-0.2802988279329149,0.3727009371997434,0
-0.32755209788943623,0.3182502382074159,0
-0.322497168651344,0.36233835438245243,0
-0.27816405785822584,0.2741023296218978,0
-0.27279829439542963,0.32351239867831066,0
-0.3213329628357291,0.2375385813083902,0
-0.3536014006949833,0.2573673210619602,0
-0.3204513954252972,0.22871139659089673,0
-0.3194567530172524,0.19168305318481235,0
-0.28009451038279165,0.20459651611848576,0
-0.25169320727811584,0.20611178513338754,0
-0.2886959870248613,0.177682128608431,0
-0.27560277466134675,0.2110201224004024,0
-0.3378100260875131,0.239058084569974,0
-0.38433314888763315,0.1827114132768428,0
-0.42519687254683675,0.31791404240117493,0
-0.37822367357439923,0.2286399494841509,0
-0.44222367946976865,0.1369992535077203,0
-0.3865327190249208,0.1630284660156018,0
-0.3712471035664443,0.20584205722152488,0
-0.39228342550033973,0.193066867625534,0
-0.32530526255910147,0.19896473521284908,0
-0.32834557910946366,0.08979295195476963,0
-0.316329280990734,0.1078031168483109,0
-0.3382256788741987,0.16655545306253897,0
-0.3198250641742228,0.2141741654699062,0
-0.2892931509968006,0.18988590880531903,0
-0.3082140560875789,0.1267198013051426,0
-0.31863018740929394,0.19712904765147332,0
-0.3354182664671348,0.15513745769403076,0
-0.24638290798029147,0.10698225751017934,0
-0.21753636415166935,0.08416682492645258,0
-0.23395779241108033,0.08895055944480834,0
-0.23017585630720053,0.10679815802317888,0
-0.2001402363831715,0.04812174844648317,0
-0.22795783639626357,0.06533510131950297,0
-0.2798564485552287,0.1445168285215714,0
-0.33640508202231945,0.10233683303276123,0
-0.2745366317075816,0.08448551031657636,0
-0.20632974018224476,0.07137106362351522,0
-0.34916741762118253,0.04612174988531519,0
-0.36580523117013,0.017073545787405865,0
-0.24100193005816095,0.09921356060757816,0
-0.20146930025715407,0.09768711400207983,0
-0.19050212764700028,0.10389776792994972,0
-0.14602901878187882,0.0825205158258503,0
-0.1833623580285087,0.04247740923862954,0
-0.2180148534132289,-0.023302500904808482,0
-0.19962156801693018,0.023787992616554877,0
-0.2116007009253687,0.006074419230969328,0
-0.19258847836738213,0.09091392117208326,0
-0.18985895682931272,0.010993240363906434,0
-0.21970257883058444,0.04868982281989745,0
-0.20708524965661324,0.06397904652993193,0
-0.22068689833483365,0.07878915032765918,0
-0.2241947288237004,0.021125038143847197,0
-0.23396787306857073,-0.07605673247659013,0
-0.12371462970036226,-0.06518380272190233,0
-0.24174954293915307,-0.10786542139882788,0
-0.1390129418452532,-0.015986602902716557,0
-0.13009652540365627,-0.01994350859193074,0
-0.1204076178692529,0.03553509158060035,0
-0.1462863268689269,-0.04295147958540951,0
-0.16268019824466923,-0.06744915540970003,0
-0.14766639804468143,-0.02476988042491808,0
-0.17396997076972517,-0.05477507228839119,0
-0.06089362515250436,-0.02206231648371086,0
-0.13825143500025316,0.002368632513041133,0
-0.12871503976381723,0.00013662073757776368,0
-0.14042030789486298,-0.06713827500484659,0
-0.1948842542725072,0.0009617946806135119,0
-0.2730653917350114,-0.054566793392184794,0
-0.22975724270412815,-0.08307592580733453,0
-0.30475612131823127,-0.10199711253617162,0
-0.14125654700354187,-0.12054564671292298,0
-0.09427686440381115,-0.14736714861868716,0
-0.08882028074857477,-0.1449524886224805,0
-0.09204329108672253,-0.1129259687320037,0
-0.08316582635424177,-0.05624453171825872,0
0.007604354993256429,-0.014169832247838757,0
0.00703128958797089,-0.03796047604417141,0
-0.066578532225425,-0.13466620602524443,0
-0.11411136081339926,-0.08976938676820484,0
-0.17853394101479658,-0.16903521710184571,0
-0.13585008559689687,-0.2415156277106732,0
-0.11818744464345166,-0.1871275092774121,0
-0.09550836987267378,-0.17315992732529079,0
-0.074536052628495,-0.17956710248111799,0
-0.07519545394828751,-0.20360951516101417,0
-0.05855378140534259,-0.14756967500628115,0
-0.11894406868261534,-0.02395402562253804,0
-0.08309233610448051,-0.054758659493493705,0
-0.1071736035248112,-0.08972622853544279,0
-0.07077813901064299,-0.15282645185523847,0
-0.03088365799793917,-0.10879723684079803,0
-0.10096645732370854,-0.07784045883329828,0
-0.1789895098011307,-0.015139922541171705,0
-0.14548943958750168,-0.10976930191522334,0
-0.017751503897048354,0.0740699526517934,0
-0.029802038528896728,0.027442064373114895,0
-0.07586803357654252,0.028327640664812075,0
-0.156054734869651,0.013478695790238105,0
-0.09834142341229586,0.07100586963584943,0
-0.043262854433162835,-0.0012413128667746048,0
-0.03608209538952396,-0.0036432926820371275,0
0.04903290291815039,-0.026123531828330153,0
-0.07051195200803906,-0.0062153024918929975,0
-0.048595629112228186,-0.01807388374145547,0
-0.0922914919308237,-0.01572672963530682,0
-0.05288296364827453,0.007276329899277574,0
-0.10451977627693315,-0.10035078687570997,0
-0.09169714491622306,-0.06805379081223642,0
-0.12617662243964795,-0.09624206677785964,0
-0.11749416208499916,-0.051189694886375536,0
-0.1745768100714105,-0.0718232755136475,0
-0.15903244973704866,-0.03399857929188038,0
-0.21104345775829542,-0.11847042678318463,0
-0.10244994563993595,-0.12977165693921072,0
-0.10911655719538642,-0.12727597238146798,0
-0.027968738620739425,-0.08282337237265747,0
-0.10976402292187808,-0.12836615609682517,0
-0.12650634453704018,-0.062386450416438186,0
-0.07965382345367214,-0.011006221998966524,0
-0.07985562808933253,-0.03897702088190856,0
-0.10812322499001163,-0.18621025615287112,0
-0.09301268167422662,-0.21633315790281618,0
-0.13648164696307158,-0.11232756058819161,0
-0.11869787976728456,-0.1357586151746938,0
-0.05603393307211993,-0.11925244170344991,0
-0.06222892394542155,-0.1481620724770374,0
-0.11113196646389222,-0.18821729938536025,0
-0.12509979607718766,-0.1157439560221636,0
-0.1151745842006739,-0.05916542818704402,0
-0.12094089010158397,-0.07468880896192216,0
-0.12435076255687834,-0.15148158685257027,0
-0.1294385061366301,-0.10568124905764564,0
-0.08103855083061376,-0.14657653509948448,0
-0.10348498867102299,-5.13469587765103e-05,0
-0.14016207647915588,0.012364976929257605,0
-0.1105777543866166,-0.005042874549508858,0
-0.09387146956101106,-0.05110162380840091,0
-0.1316904890867783,-0.07452542913723612,0
-0.15613266486422825,0.0385164731402344,0
-0.11506675577754952,-0.018243093857969087,0
-0.09696873354676339,-0.09571725520692204,0
-0.011945046128589876,-0.14018359440568087,0
0.03335733777549107,-0.0026052541752550618,0
0.10009225377808914,-0.15393168331196644,0
-0.06406518367715161,-0.08331840779768435,0
-0.09442009612182137,-0.09402079872452951,0
-0.14041065373072337,0.008697368914108383,0
-0.12398416973918157,-0.07126876146491389,0
-0.12059817261583612,-0.03789043341436085,0
-0.14521435641456987,-0.025916615349050525,0
-0.11861613847337082,-0.05697837549104809,0
-0.07894154476571227,-0.07628190247055061,0
-0.09457766292747277,-0.029402744282737488,0
-0.07721940328678531,-0.002325481604133449,0
-0.19118629759324238,0.06008970009012916,0
-0.09251589200100359,0.1000188803137011,0
-0.09586130435132462,0.06859646922253579,0
-0.06302439640596451,0.08242753169459362,0
-0.15528525397093257,0.04736368532412138,0
-0.18305401684505834,0.08390814802496055,0
-0.152970286040104,0.10918175104748376,0
-0.0750293836992964,0.06998012189220834,0
-0.13682374775836936,0.04077832229159861,0
-0.07448073401491573,0.11187186506348014,0
-0.011446232315096255,0.06587067161133739,0
-0.1124798119962478,0.09049593703750504,0
-0.08443562151409521,0.0844618466938208,0
-0.07200020445865896,0.1438889986932155,0
-0.03449685086878553,0.2177922261150096,0
-0.03217222771583902,0.11969956634159704,0
-0.06680907587245413,0.07948335479962965,0
-0.07671328534041379,0.07054330038778972,0
0.006456079000620757,0.11398524213117467,0
-0.009557301864417254,0.11338873726943655,0
-0.055685698747978435,0.1436781705396546,0
-0.0898341639284483,0.0902796046837345,0
-0.10009014295665712,0.12299238867180418,0
-0.1654459271144167,0.210737386700456,0
-0.0653204831184565,0.1743118391026873,0
-0.09997598340222548,0.17183960900873882,0
-0.0061597745819163,0.17432725384941816,0
-0.049861379895365786,0.2882871574861988,0
-0.004165131445944367,0.2683019131423292,0
-0.07217180389737624,0.19640555629912249,0
-0.05571458489632006,0.1520812772178948,0
-0.08999768615974363,0.2133368610780219,0
-0.017717759741028807,0.172248502725504,0
0.01728892773457521,0.19222081460471888,0
0.15433807842011094,0.23382381242631614,0
-0.01324109314288624,0.23877586760187094,0
-0.008684905150772724,0.18050924145382577,0
0.013862545698699661,0.09455068679330943,0
-0.04702690813757157,0.05899723497443261,0
-0.017488078566454707,0.047453921092625855,0
-0.009040449780821507,0.0765434501225113,0
0.03681921610557347,0.12251676237991536,0
-0.014302844965321929,0.0898792695411044,0
-0.009174079043528363,0.10049656790277398,0
-0.030670120583924945,0.16132885773218913,0
0.017383235603069258,0.18998616118706924,0
-0.013022157653390754,0.14842689909499085,0
0.030822419352430627,0.26282327224772783,0
-0.00637536483352431,0.10080989264143311,0
-0.026304316951601996,0.16608052589230898,0
0.056854329426279826,0.20027376768426602,0
0.0054574683286812906,0.26643275658104015,0
0.07835653681152635,0.3116968821121599,0
-0.05774273047806766,0.25185896341714425,0
0.00013156222170011833,0.18811998723028556,0
-0.05692934467983725,0.3016880362977374,0
0.03211341270801121,0.15805600951486481,0
-0.014783122404951124,0.12125070159926388,0
-0.06404921599905807,0.14901386241932868,0
-0.1347254134722104,0.20194931408825484,0
-0.043167577694428985,0.1613275270047248,0
-0.0935755971804971,0.15873699754277132,0
-0.08370453398958648,0.1792106114382166,0
-0.10631964261104317,0.17467369533386518,0
-0.04589263650609948,0.18752295059985064,0
0.03728357971011345,0.10913216559675053,0
0.08877014278112696,0.19600400119200248,0
-0.04063709350961567,0.20693669307230944,0
-0.036054161518816456,0.14267834410011518,0
0.014971282096520336,0.10091081019277898,0
-0.012317907669778232,0.12081180723236822,0
-0.006795149112971484,0.1883268799304424,0
0.07387395953017178,0.08926713020513066,0
-0.11195462673152218,0.18982991477549238,0
0.023800503624960084,0.09505112922879397,0
0.018785580566745737,0.1148609476876954,0
-0.025815392503000606,0.09539237249105059,0
-0.12134669334408663,0.17197342590769266,0
-0.0868904055735103,0.1835517255390559,0
-0.11399469584977952,0.14332344735539584,0
-0.14991918201637336,0.1024267895280045,0
-0.05513434576126916,0.10473344838124932,0
-0.13584389483860335,0.08893961884189899,0
-0.18080121347545525,0.10163982600281501,0
-0.11941322169245036,0.099964084689599,0
-0.12304891136988814,0.20186807611117735,0
-0.1530703806925433,0.2376313465773212,0
-0.14028303258848632,0.24221519235923328,0
-0.10902597507545952,0.17053979095411304,0
-0.10234322770755598,0.21523728881674367,0
-0.09993662428783306,0.20013227637527764,0
-0.14541185762814962,0.18054845577299278,0
-0.07675836791682636,0.1753249375425725,0
-0.25169331071546386,0.1912016657717044,0
-0.2874260054046953,0.1963720127825618,0
-0.21706757373320035,0.21753095236992342,0
-0.2544241228185124,0.22240345134288173,0
-0.21881310063251197,0.2117935777722393,0
-0.191283777563736,0.22648086557870298,0
-0.16662177653066154,0.2355294771977612,0
-0.22640796691387272,0.04707911265728856,0
-0.36889354771232175,0.11607534839729579,0
-0.27308298631575456,0.17792855999509327,0
-0.28675210101163084,0.14295361695249342,0
-0.26101648647843306,0.15195349807289787,0
-0.2751325532460481,0.21300432847062936,0
-0.2746526674805334,0.15304708464889255,0
-0.3801506577540765,0.2122794636461249,0
-0.3048256632776224,0.1960064802646736,0
-0.3291372882339094,0.09497648045369513,0
-0.2723837709203393,0.19283804467092713,0
-0.2738515398008021,0.16561275101128572,0
-0.22944426021636938,0.24949613412216776,0
-0.2132512368190381,0.18496182231342656,0
-0.19633739698445643,0.2751657947429927,0
-0.17592635541644422,0.16325258385567867,0
-0.1321065864962844,0.1986850090187918,0
-0.25573888005814616,0.20054915272985016,0
-0.19016040713064725,0.15865570106976554,0
-0.20096911284440885,0.15546205259376733,0
-0.17899083800377238,0.15483177341473142,0
-0.23349771656302745,0.15749412353816394,0
-0.3989036324174777,0.23842302143673255,0
-0.33877690859511383,0.1994467850814515,0
-0.3723993798830497,0.2529363134752551,0
-0.2936478603866191,0.2507076907972857,0
-0.31521053936074195,0.36487285836706107,0
-0.3063110017498808,0.23561005664845106,0
-0.26601662543383453,0.19587895582513812,0
-0.3103552777759209,0.09211292931184516,0
-0.2501308714122085,0.1461509969967195,0
-0.23874667621055876,0.2082499891134667,0
-0.2315066062266085,0.2053688579322948,0
-0.2346133034481866,0.23130853453810546,0
-0.27885589191538324,0.26113013594920825,0
-0.2114141748273885,0.21865398934080738,0
-0.21569380643153713,0.18151348497079345,0
-0.17036334587432367,0.13284561637822334,0
-0.25710019522838345,0.1430250185126738,0
-0.2629458399747403,0.17470997387508128,0
-0.2850107438770042,0.22503667959871837,0
-0.3892238245480968,0.19321551142329918,0
-0.24272471538009888,0.17109780209286748,0
-0.3744680910374022,0.1016489378114458,0
-0.3046786230159966,0.06279811571069893,0
-0.2810460215751604,0.008504612566139297,0
-0.252354679119508,0.08968869768240845,0
-0.2977850233794017,0.058405693829441094,0
-0.34629400753834905,0.12707679111485437,0
-0.39836654942373084,0.21049055688742485,0
-0.3202919776640331,0.14208458820584952,0
-0.2928194024045281,0.23426448319884613,0
-0.2915351642272694,0.21346087412804152,0
-0.3208595066961428,0.20724019931413984,0
-0.34917762737046615,0.1377062653957393,0
-0.3061079078884445,0.20363544899795233,0
-0.27778162498550574,0.20750094294134153,0
-0.3671853186476777,0.2135736462173508,0
-0.20857384917933372,0.18457209719531634,0
-0.06502990789736743,0.1816840485676025,0
-0.15443034935013084,0.09181708438343693,0
-0.23597355098009004,0.008400148962785486,0
-0.15346204826544033,-0.01669551229901681,0
-0.06334722853990368,-0.03280410254260267,0
-0.11007667412074201,-0.01849296668798621,0
-0.1808022360176783,-0.08167897040502016,0
-0.17182420140752744,-0.11075880516820608,0
-0.09693554813820526,-0.12110985509037417,0
-0.12777070300665597,-0.12269385739155016,0
-0.14377770598594172,-0.09955901817587637,0
-0.1689305113769336,-0.1439683542828707,0
-0.2863798667047838,-0.10095173353861989,0
-0.29781104287623794,-0.05688607718080396,0
-0.21330788197063363,-0.07819981557698094,0
-0.13479280799113483,-0.0042885766212920895,0
-0.09996827305272196,-0.062194382583495925,0
-0.21599850787277491,-0.07325824101100956,0
-0.16512012565087703,-0.09274388017237185,0
-0.13233426749896288,-0.04850202401382289,0
-0.13507619128716739,-0.08841468595154192,0
-0.15974997960843407,-0.012600126707443662,0
-0.21773192443280928,-0.1449056721174613,0
-0.18625684925889016,-0.15054074270425524,0
-0.24247422478829456,-0.0997784489213821,0
-0.13789045604760616,-0.025814945493276106,0
-0.05192100124671263,-0.1082456735216648,0
-0.08564120921456292,-0.0015947851343847408,0
-0.007966379382074007,-0.07580196187690841,0
-0.12257690960097253,0.051765739768782015,0
-0.18659667308350802,-0.01608226884158248,0
-0.17740453267571546,-0.16782624396672963,0
-0.20169005657298178,-0.07226128181213641,0
-0.15044972123126177,-0.06409968907610125,0
-0.17573029799190515,-0.12664003941086552,0
-0.1306619957688784,-0.08826026251165797,0
-0.22028437861734884,-0.07828002059362996,0
-0.271555593561422,-0.1507520325805502,0
-0.21757633983434607,-0.16977794643582722,0
-0.22254460334751078,-0.05308751270818125,0
-0.18664112614005074,-0.028818410238454856,0
-0.23817074461594442,-0.05066148250241947,0
-0.1679524558706783,0.014465625868241773,0
-0.17712475094204053,0.01699496642450334,0
-0.13692601755548867,-0.0034746937179025335,0
-0.17610531283809772,0.030355210815681124,0
-0.20833003470469258,-0.0165696146848644,0
-0.17482590170910386,0.03708076892193264,0
-0.10601656741663643,0.0019481159396794734,0
-0.18934017236661738,0.018639048613227096,0
-0.17043381067232996,0.034295025709069976,0
-0.20032309332388093,0.06003835232002125,0
-0.1810901006391492,0.03478579150095262,0
-0.2920614271360127,0.046303856459788524,0
-0.22215550050510657,0.08440047877505381,0
-0.1824065179504711,0.07116454773758975,0
-0.14081122156569337,0.025013108078663533,0
-0.24692112940742544,0.06892560671240787,0
-0.36551374634362643,0.08210209639497204,0
-0.21443899056770852,-0.05600665540479588,0
-0.12896928153455586,-0.0028942310524049525,0
-0.11612220094417157,-0.0036736526414872434,0
-0.18919611181233323,-0.06695501263740333,0
-0.19250251766153834,-0.0625892390924288,0
-0.14020237496134172,-0.033970493393315974,0
-0.2104064348676253,0.030235023418300595,0
-0.1253195132303515,0.004646874323024974,0
-0.19056310752067473,-0.019503379471439233,0
-0.18639918021478677,0.04303874752658221,0
-0.18488712653189499,0.023977023988200903,0
-0.24609081776928624,0.07391161237768533,0
-0.13946749119009144,-0.003676281936863257,0
-0.1810459544880356,0.08465193374194556,0
-0.25166815566329287,0.08506977141692935,0
-0.1633790445726985,0.08586606667579173,0
-0.20664483374095682,0.08462168910733461,0
-0.1838594607146748,0.016556165447937393,0
-0.2208655035147159,0.046123911034903924,0
-0.27085195622764363,0.12182998851541602,0
-0.191064793115529,0.02281155049488265,0
-0.15906930205613104,0.016315558075050314,0
-0.12005518793578006,0.011609208744012835,0
-0.11996826162773032,0.06427284632821642,0
-0.12894320670953258,0.10054444527894701,0
-0.07252258601429072,-0.006453829775797462,0
-0.13591201218736215,-0.06716785334346664,0
-0.1709377894529498,0.05344508529479358,0
-0.23091629428392463,-0.001392386611820215,0
-0.2032138461272066,0.09800012996899511,0
-0.1047261005715616,0.12310260122591357,0
-0.19952826696343173,0.1365070935080448,0
-0.2731878537157116,0.1305503658866871,0
-0.20475141544254824,0.0627464380683765,0
-0.20340292507269647,0.06857291563596668,0
-0.14950690197381195,-0.0026580991241351853,0
-0.25875085403080195,0.0016471031641153537,0
-0.2961889389456834,0.04633827925216391,0
-0.37476175521699523,0.07604450092957263,0
-0.4133934370345776,0.11236191443481144,0
-0.3581072816493412,0.13621399335519538,0
-0.344548295051554,0.10018039098187856,0
-0.3879825783796852,0.06986450441977311,0
-0.43557695305942096,-0.060222537889958475,0
-0.4080677363094263,-0.08394420811496148,0
-0.38773466648525223,-0.09370334050949859,0
-0.3895600619338357,-0.059958527117093076,0
-0.36948130312515465,-0.11776482621337464,0
-0.45209226244190326,-0.0637221349808362,0
-0.43064612712464834,-0.15944455098932128,0
-0.49219782713410193,-0.13750252638015348,0
-0.4565751453720779,-0.1392563514154205,0
-0.4046094266418538,-0.10341506381551255,0
-0.35523162484444326,-0.0468551153749289,0
-0.3174959357791838,-0.02650546339633405,0
-0.34825750091679814,-0.05324879147080959,0
-0.3406416449718154,-0.0668574296245813,0
-0.34832847011810386,-0.022385467910761916,0
-0.3311991984971769,-0.10926218526164412,0
-0.3923285360367636,-0.10768025875535257,0
-0.34701370635453643,-0.01224665029841114,0
-0.3724879717000828,-0.10097992241799862,0
-0.44061823322550925,-0.07674047188429228,0
-0.386303303818352,-0.06734684124246004,0
-0.3143039587524211,-0.06737939351823438,0
-0.287655778314458,-0.08760857579019778,0
-0.2866873122267964,-0.024767406994611316,0
-0.3113070984374274,-0.038993058463566536,0
-0.30322103629080677,-0.011402176311600606,0
-0.2739018962723284,-0.10337243579238381,0
-0.29802111974128215,-0.03257059944704997,0
-0.3546098938830555,-0.049914296561664545,0
