locus_radius:0.01,nuclear_radius:1.0,bound_zone_thickness:0.18350341907227397,bound_to_bound:0.7,unbound_to_bound:0.9,
URA3_FLE_BINDING_COLLISIONrestep
X,Y,is_bound
-0.24026839877910966,0.050105855138721234,0
-0.22859034627932548,0.06941567952037558,0
-0.14949630703469058,0.13030649060757843,0
-0.16252624692425022,0.07339492121936375,0
-0.22862812160371182,0.18011209703663766,0
-0.22465898813122764,0.09650850469359883,0
-0.21219623433955523,0.11611623695190863,0
-0.25039743329444236,0.08524243506169768,0
-0.38248131951250397,0.185496199634954,0
-0.34781990092750287,0.1527178094980846,0
-0.25461703027888277,0.13259585009780642,0
-0.3036380251798103,0.15067141205342963,0
-0.33853366174291766,0.19488696013719697,0
-0.2820092145172938,0.13203344920430748,0
-0.2807035370908189,0.049927029474857845,0
-0.3425758008945643,0.07537696427319644,0
-0.24315841445126513,0.13818742281260687,0
-0.1733590345382391,0.15797944350253437,0
-0.1447114294174101,0.1404399395015184,0
-0.18317692227081825,0.15494670213369946,0
-0.12185352078831686,0.152560306656141,0
-0.25088394933653346,0.23983285402733978,0
-0.21585778867547895,0.19115972377860552,0
-0.14304321509002368,0.3148652261307283,0
-0.1729748644351689,0.37952347854641943,0
-0.10975482596327889,0.4131384725961706,0
-0.20189539441969373,0.31241386494208156,0
-0.15829842798456997,0.3765808250988974,0
-0.1378995979246921,0.4507696487392847,0
-0.1408505968024004,0.42314750308663224,0
-0.21813155184278393,0.4655768804057555,0
-0.19480818688431809,0.41184704660872135,0
-0.282074988225909,0.4666471474237752,0
-0.24959521486619635,0.3791859725385014,0
-0.2193946221632721,0.43465731675055813,0
-0.26291988415731077,0.4219133913869521,0
-0.22249587174396376,0.3968650624496439,0
-0.22023193704619054,0.46376875695292163,0
-0.27274682777178866,0.43060062591589965,0
-0.3013968367069305,0.40865279730215104,0
-0.2299377237860038,0.38089826900865364,0
-0.27379989736643806,0.3560213737635075,0
-0.24777403461610548,0.3742963838462802,0
-0.26739623138485996,0.40993603655465793,0
-0.26602126550040645,0.4894786477633496,0
-0.28346984903027983,0.5318208934536746,0
-0.2102912016190267,0.5177828960101332,0
-0.16092177926150503,0.469539829793686,0
-0.17925337104028513,0.5207825539465447,0
-0.16591603909080072,0.5194398054159278,0
-0.09737239859576972,0.4671048215315647,0
-0.06393584237348048,0.43943149862042674,0
-0.06555929066422127,0.4402425616327495,0
-0.11164396448815012,0.38760434255433107,0
-0.11816708661237654,0.34948580387596667,0
-0.04730470706025956,0.3704908874563116,0
-0.09733587663477151,0.3366029392620336,0
-0.06376122755118765,0.4529557587131246,0
-0.028830368367707512,0.4394379378498171,0
-0.15016194487065987,0.4163450558348198,0
-0.08114658004019892,0.41405700951423735,0
-0.05014907510707549,0.44072719565156043,0
-0.12999490594905644,0.3942909002806652,0
-0.1767187458139406,0.344367440640171,0
-0.12818222742962856,0.4596381381070213,0
-0.09434255252405296,0.433007756019232,0
-0.11300752023551913,0.4049147811155933,0
-0.16090391278392863,0.3816294699157313,0
-0.158736686830456,0.3820832460738113,0
-0.08115981555263703,0.4175818304761606,0
-0.23323765577231892,0.24497700177162218,0
-0.2630414798671405,0.3462094342267625,0
-0.1348043131475067,0.42654333155348845,0
-0.16876404839060502,0.375109911517594,0
-0.17287003705782522,0.29940988929000334,0
-0.1843743397315425,0.27963194515173423,0
-0.18416776387696088,0.33510230616559816,0
-0.1919760993327007,0.24960741682978937,0
-0.22553401315953764,0.3231087253963578,0
-0.10613008191569542,0.3233212386252938,0
-0.14001997746026548,0.2756913817782459,0
-0.17535283776708227,0.3151293444034919,0
-0.14379075591559382,0.32359727426618023,0
-0.13139543635343146,0.37915831437998704,0
-0.12198087876125696,0.4141783780793673,0
-0.166552632567464,0.35871750480499337,0
-0.08296516801325446,0.4054144180995459,0
-0.0982571638160619,0.40313016908189364,0
0.004008928836881129,0.4149493877796754,0
-0.03769959417587251,0.45988539508062165,0
-0.08019957402612697,0.4517348068610467,0
-0.08288711446938185,0.45857186232860053,0
-0.09063396976322438,0.3858473672647414,0
-0.0537510894226465,0.44054272995194677,0
-0.07350638148791058,0.4118521812130996,0
-0.10547371936658301,0.46552921145692494,0
-0.10354420481738107,0.4679150320506137,0
-0.09166777521045455,0.4380092161194548,0
-0.13550667301478264,0.4542096003515934,0
-0.18595229481295128,0.5285220152681266,0
-0.08402848311247128,0.4587340126761613,0
-0.09142294513458399,0.46933354960453266,0
-0.07972832186514478,0.4036965141637324,0
-0.2063889179772021,0.40637643526447864,0
-0.18923719895153288,0.376323787038499,0
-0.2519491234067457,0.40783905566604717,0
-0.23954642725246003,0.3053689946634272,0
-0.1790122197140644,0.40621717540987556,0
-0.21208549121471842,0.32096327813024245,0
-0.24826526433256194,0.32614211759670375,0
-0.1956735297340931,0.3207657980041551,0
-0.2084476330501668,0.35228573620605197,0
-0.15876939318034333,0.4212292753557037,0
-0.19888980012128551,0.3817825878675534,0
-0.078725210986053,0.28727387646134356,0
-0.2217240455617416,0.2240213706653693,0
-0.255671709956726,0.35466029416518696,0
-0.21154975732549186,0.3125010401564598,0
-0.2025580955150549,0.20078800928850163,0
-0.17658362642256528,0.2720344872412622,0
-0.2410258686671606,0.3557303100532211,0
-0.1704352732805357,0.29307686621430307,0
-0.141531303137076,0.3948041062615503,0
-0.07153991733070574,0.31526823576993507,0
-0.0954878007195295,0.42850234987298585,0
-0.1436139437105699,0.4454753668497284,0
-0.15662878884279677,0.3626017342319938,0
-0.13173140643580183,0.3704243125039657,0
-0.17526758889259397,0.36943899533640084,0
-0.10635065577487612,0.40648618370874773,0
-0.02347557785615255,0.30835725027944116,0
-0.10364660748276947,0.38386964609395563,0
-0.06540236970457053,0.31798680388835715,0
-0.11297932749268326,0.3750322609954284,0
-0.16697573317628658,0.32108906052480907,0
-0.14558587721062025,0.3680103672435642,0
-0.1783693784172271,0.3636275131662822,0
-0.19493586892483186,0.3683550106273411,0
-0.21504129237910327,0.40325784000805565,0
-0.16225093408493332,0.43171937412353595,0
-0.18866305173623824,0.40756830120512266,0
-0.17217464411277938,0.36291426360774026,0
-0.14749811423256248,0.36910038706037285,0
-0.18192566335890192,0.4566848463175758,0
-0.19559886833488904,0.362619668260566,0
-0.24424886067851265,0.2992536903529932,0
-0.10156800262690285,0.26288688056305415,0
-0.27974601957125067,0.24978038492040092,0
-0.27315157633575526,0.36567241106685844,0
-0.2703075803663187,0.3500864778337984,0
-0.27749435372600567,0.35480814542999,0
-0.17797638364705576,0.42974436275431604,0
-0.19735078763720532,0.4275494773807897,0
-0.14432928329160655,0.33029749329249614,0
-0.1898084596065287,0.3866870910273197,0
-0.18249837286388934,0.2900205345555803,0
-0.12791194904466563,0.28929805333103187,0
-0.15568983766993755,0.29460857463141954,0
-0.27317686882687475,0.23368515776794307,0
-0.20030484718166514,0.29870212415621716,0
-0.15912445751226834,0.33087945346369346,0
-0.16648870598243892,0.3094881958811469,0
-0.16169784487389038,0.487315041038605,0
-0.11373212540655317,0.4146845732561736,0
-0.09741168789281131,0.3959037870191045,0
-0.08166377800796162,0.40800595424825226,0
-0.06517729989728768,0.418565390300701,0
-0.024074040618069933,0.3394772282988251,0
-0.14169858372615474,0.3225769877239689,0
-0.06041663059619426,0.24780726341631992,0
-0.08514970038873865,0.2511800052651943,0
-0.12937856843474105,0.15182789576558547,0
-0.23541113510822775,0.16532675344008518,0
-0.15687948981006866,0.19161249494066113,0
-0.21278132818150353,0.24906563624316544,0
-0.1896603644629779,0.28996641949718327,0
-0.18599708088606648,0.20907467544002306,0
-0.22249996879684691,0.1848441767193863,0
-0.11018961696359512,0.21005549383734481,0
-0.11855692057748855,0.21005415863536625,0
-0.18343758798552035,0.16811211935632397,0
-0.1885812050035151,0.1726422926450589,0
-0.1817759039502304,0.08498331364447358,0
-0.10075113200156355,0.10012164637612284,0
-0.041471459357925615,0.12709029684100645,0
-0.04104390578929009,0.18688375050448064,0
-0.09035152734247232,0.24683355317728042,0
-0.0778283127399689,0.18551170934169126,0
-0.004105706010734067,0.25496444885364933,0
0.05772558760726854,0.33230289571791605,0
0.022996413324177553,0.3494009706024597,0
-0.007065966784380252,0.3310432980963355,0
-0.051771399398716084,0.3230045851183638,0
-0.15311952798947237,0.4035673462750135,0
-0.13334710674474207,0.3246378839934586,0
-0.1612159028560925,0.3461065167300137,0
-0.053144102430102355,0.32259506620984485,0
-0.09832492719699175,0.29494554526601835,0
-0.14160074663314615,0.2890705783574448,0
-0.2344413936956012,0.2835166643614378,0
-0.26005011782844883,0.24646081319352664,0
-0.23786371654279004,0.212637302756797,0
-0.1983438107715237,0.2537889195253124,0
-0.1932358424630845,0.3055562681863697,0
-0.16795989132932135,0.24230958535559194,0
-0.2449384471293119,0.20715787229076688,0
-0.22070717923654634,0.3035772261374924,0
-0.20917899095409326,0.3802274457121182,0
-0.1640432483309827,0.2443406093886451,0
-0.11179819684259878,0.2900501534754753,0
-0.14953761387939576,0.25651971297785126,0
-0.05337091271100816,0.24745825827312026,0
0.10226554818400668,0.1953482228223637,0
0.08254391763675045,0.20637931381901511,0
0.01540613588472603,0.1372528040668718,0
-0.028665426633293682,0.18839095602256586,0
0.07865816583828247,0.2401903677296025,0
-0.13244887916170406,0.26863432422870415,0
-0.09982460848876082,0.24818132755505132,0
-0.09360069182847547,0.31429716648838535,0
-0.22028731019777067,0.3528253605170618,0
-0.16000458420099528,0.24272923874410388,0
-0.16105439392003512,0.29628600332466687,0
-0.17791130423708293,0.2552515042683893,0
-0.18548714214697135,0.2886963691152121,0
-0.1959013470796922,0.2703293235203401,0
-0.13734272333892478,0.2600820101190068,0
-0.22346030861994232,0.23629092419737385,0
-0.28200722093265396,0.218701981410262,0
-0.22369240594369455,0.2415406961527679,0
-0.175143746234973,0.27287149233310576,0
-0.10649567714706197,0.2269225992643949,0
-0.1272674040215228,0.15834536703891172,0
-0.10077138808435798,0.18934764565028536,0
-0.12991489095140604,0.21419983837113937,0
-0.09987707299789304,0.12552814716220861,0
-0.06403351651074517,0.06930581997176452,0
-0.04283817277689207,0.24346396500854667,0
-0.05503359017241751,0.23228546591437066,0
-0.15512640130251293,0.2580201062037897,0
-0.11976192585071643,0.22541582267425617,0
-0.047324768010805485,0.2988858329451684,0
-0.022296198566943815,0.33956409630933837,0
-0.05262024710266555,0.2180972809777152,0
-0.05978365384060598,0.23174043488714186,0
-0.08702777920873472,0.31371888626099054,0
-0.13902727107204615,0.15446416257728077,0
-0.0487910249516383,0.2060142070395428,0
-0.057833366646225154,0.16260513633504817,0
-0.098309193667981,0.15543204628160107,0
0.013764766637124434,0.2768449439075199,0
-0.04174733682524751,0.23562642953332513,0
-0.12028803816545267,0.2251285031748722,0
-0.07504669170326309,0.23480828646827986,0
-0.07603875726370957,0.20562273844062268,0
-0.08883659626958161,0.13517320033682279,0
-0.09589235008084805,0.20521866620066165,0
-0.07968183158307761,0.24304284795814354,0
-0.08780843342512622,0.19173668204254327,0
-0.16070040886655643,0.2244263321860411,0
-0.08237395444215546,0.22260911943942516,0
-0.06846015853124493,0.25059701496912945,0
-0.22641556993635273,0.26236520576287115,0
-0.17915841598010435,0.21568015947442115,0
-0.13480091113192924,0.23082955843342562,0
-0.13086238902341907,0.1588879839978366,0
-0.2467596182436981,0.22480577649955025,0
-0.22921364680265657,0.11238592606591004,0
-0.19082961970179982,0.16275426349121397,0
-0.23722666219722832,0.14141412263303527,0
-0.27486612563700175,0.1651755868836678,0
-0.2517676058584854,0.16904522297570265,0
-0.32408505984439506,0.23962661103478758,0
-0.40506833039285467,0.2752161431007764,0
-0.34123831577576874,0.18618938577745148,0
-0.28608904004931845,0.1744493004805391,0
-0.3109920023714686,0.11844937429298398,0
-0.2707320261959059,0.0816863124572317,0
-0.16031146189420759,0.058444660599212286,0
-0.1520465245735699,-0.014428697812932947,0
-0.12215119059158373,-0.010527063116519105,0
-0.12754815185776092,0.12347014911909579,0
-0.1992175549272952,0.10042007967979891,0
-0.09688620460512146,0.20827775911058666,0
-0.22789069282625113,0.09786046418649504,0
-0.11191401642540756,0.11381406157838075,0
-0.09090741676473543,0.09082261787996052,0
-0.09407662193548857,0.08691957806051884,0
-0.15825229344599062,0.11928930276656363,0
-0.1873762314505084,0.024758038518478354,0
-0.14649304886372624,0.08485828004839416,0
-0.08760961898330377,0.01459574571694637,0
-0.05982460026757775,-0.004202358549691296,0
-0.06208303201720249,0.05945126020249927,0
-0.1363952367459683,0.1290302410869782,0
-0.12194903523111841,0.04004642997521797,0
-0.05675570356970802,-0.044948783802746806,0
-0.07085221572085228,0.06070617336636075,0
-0.09459252759236059,0.038775952244787096,0
-0.0766118136659733,-0.04465046981710591,0
-0.12510971085187594,-0.008360902569593362,0
-0.14338314722335746,-0.050788660219637065,0
-0.11596603743022785,-0.0718898212749453,0
-0.16956380537405769,-0.05447580537827201,0
-0.11598597219841679,-0.05055804452177936,0
0.0010655419787703735,-0.08998493054103517,0
-0.05648904233060707,-0.001031432059991913,0
-0.07692202778968149,-0.12469178224118485,0
-0.027781586549405136,0.0018825566093837731,0
-0.003246338888007381,0.02482007677590868,0
-0.06810480387240095,-0.03174585953402848,0
0.027578238166717922,-0.05395461211784553,0
-0.14015200711948866,-0.049797186315172534,0
-0.08788022923058857,-0.09665721867492594,0
-0.07365887890665496,-0.08220282317832345,0
-0.07186915295751872,-0.05294823299110398,0
-0.022844678513277927,-0.061420348582798955,0
-0.021196684099408534,-0.057672909359933126,0
-0.08624760479547018,-0.1402247905106752,0
-0.16529921020845187,-0.1471107512287797,0
-0.13763493927925027,0.011801282014759051,0
-0.20781551450593178,0.017190464304870697,0
-0.11359107943232655,-0.0483890866267197,0
-0.08583276595868883,-0.07182282008800375,0
-0.12601463414295325,-0.041731101482642335,0
-0.1250557406544443,-0.008681780050211974,0
-0.12895732270982765,0.03836901981913898,0
-0.06690788577558762,-0.03501043105124686,0
-0.013939469238612869,0.016190076034255353,0
-0.03605294078206975,0.019295500644131425,0
-0.030939817390100356,-0.14363032592702854,0
-0.005466011129880894,-0.004965161588646044,0
-0.011849103651911268,-0.0359474495342969,0
-0.034753261160314505,-0.19265716541357056,0
-0.0029854216418229856,-0.08588294284566593,0
-0.08717632669967285,-0.10400066106251324,0
0.02192936772516145,-0.09393179644811375,0
-0.10951346538335928,-0.10500148187787878,0
-0.13184919311694998,0.04133132708317344,0
-0.1258455762595009,0.1603091073597148,0
-0.08209056434121687,0.11584618166792798,0
-0.09433976816008299,0.1256040044321961,0
-0.0091499722380297,0.04816133635642378,0
-0.1463192664985264,0.044812772943280864,0
-0.09937960364527898,0.10550974723959405,0
-0.15722372104024546,0.1072515012361479,0
-0.13563773786703848,0.10769086240443078,0
-0.15681872099630007,0.06322766295845683,0
-0.07079382672028503,0.04280240881479068,0
-0.1140681680146688,0.012730981312052483,0
-0.17673851989106884,0.03884024330033235,0
-0.13116074023338767,-0.01703338309534312,0
-0.180810225831413,0.03829772005568766,0
-0.23180184705888782,-0.0851551681991064,0
-0.11935762357050332,0.046906887279806214,0
-0.12245469906621247,0.04736563911982075,0
-0.09033163610977768,-0.0096394106990099,0
-0.1468178084693576,-0.00794574591205352,0
-0.11723594543498372,-0.05674323898765094,0
-0.07953384216195157,-0.04188948379734171,0
-0.18834964506708574,-0.1431880827371626,0
-0.20398554011707642,-0.12537708648110132,0
-0.2154295687921327,-0.056520618930819236,0
-0.09206294650318778,-0.14719253492566664,0
-0.10746389984623501,0.009961780105951196,0
-0.15321112598549164,-0.082511774308255,0
-0.14967405943858392,-0.0966649699184121,0
-0.15004143673433526,-0.04389622853972242,0
-0.11342811338091843,-0.11256664577699474,0
-0.1199813875910442,-0.11160799732571083,0
-0.0545488018493637,0.0009166683897613714,0
-0.0468762921588932,-0.03405026570214461,0
-0.041303492562646975,0.04991126132055144,0
-0.0665196812083195,0.0978681315765499,0
-0.07557215457098344,0.08992114367981545,0
-0.012496308172389572,-0.01983957207967149,0
-0.17297597580404478,0.12831659789843985,0
-0.13044025982129848,0.13064141588575268,0
-0.13306610193944904,0.11754407198772507,0
-0.19791790463979836,0.08464770125150961,0
-0.16772854322801453,0.16187459524716225,0
-0.11126380654934956,0.26677716281062347,0
-0.20764050008297044,0.2693596907762102,0
-0.1322820173325524,0.10740739933742202,0
-0.11816179588097056,0.04715848764903539,0
-0.048505057055702766,0.026106515537409954,0
-0.009101799801524403,-0.03222781414977752,0
-0.06848672693127074,0.009814886610883103,0
-0.09151575301003353,0.04159486169954618,0
-0.06448357378059032,0.00019311946638632393,0
-0.20682769537239498,-0.016019680776075795,0
-0.1501175202983971,-0.021261790051204904,0
-0.09493576910209334,-0.054541739834584206,0
-0.10921952716766067,-0.09239011984113688,0
-0.20013708758884152,0.034369779733104566,0
-0.12382565459723797,0.052462766969597396,0
-0.1326204572736884,0.07377132308911202,0
-0.04399659208343505,0.08704063751825121,0
-0.05427576028215478,0.012247867520903524,0
-0.11673476919681212,-0.04416362670289725,0
-0.10522227227089906,-0.03645979634505625,0
-0.1361101916158614,-0.031060601349271612,0
-0.07132955546522067,-0.02826204796155508,0
-0.07164223098887766,0.05402108110847069,0
-0.13351129100494652,0.056393965380128634,0
-0.05536064403020376,-0.04718840078545538,0
-0.04710689181975915,-0.13877166799361526,0
-0.0631101213894024,-0.11877401726286159,0
-0.07473744151216936,-0.0933668472271798,0
-0.006966948885870336,-0.06975850716796461,0
-0.007628348035591425,0.0021255411931134227,0
0.056675031531254666,0.026383697459088643,0
-0.06129489729248079,0.09728931568874193,0
-0.009244037742710876,0.09284741253864767,0
0.001983997533914837,0.09351771995170417,0
-0.06770890565400162,0.1357595832240693,0
-0.09483329920945259,0.13597295185699834,0
-0.1114797510467787,0.12444032288022043,0
-0.12196443196689623,0.04118098998878586,0
-0.10755569395356697,0.08958727796497812,0
-0.21110493128841118,0.06389726268775058,0
-0.1986887274742775,0.08981581652073611,0
-0.19852281813427933,0.08723245487204334,0
-0.08567635939868683,0.09234199658942763,0
-0.09887093069632796,0.01971310607758625,0
-0.1322720175984417,0.06715217080211686,0
-0.08319318257943824,0.07020405068495404,0
-0.1247596784341918,0.0985349573972316,0
-0.0016112277602808728,0.1380726257693576,0
-0.13791228512682985,0.15261467131789844,0
-0.14095072095914876,0.10869222040964976,0
0.0006166217573179977,-0.025887084385444237,0
-0.13916033780361087,-0.024738613791611696,0
-0.1890659642590537,-0.08537077448374418,0
-0.07600081369751771,-0.05334381902722039,0
-0.10630013308212438,-0.06213576374449634,0
-0.04512346393092538,0.015257873157534317,0
-0.02285668684489161,0.08569551541573445,0
0.04352613397260515,0.05073169017639745,0
0.017576724561228458,0.13542902867843049,0
0.047560084699836705,0.1459702048822654,0
0.06435682300104609,0.2185099187351643,0
0.017526462265627096,0.15734591089715558,0
0.08473579808793051,0.12836702248066337,0
0.01430652589025272,0.24322262513369952,0
0.016808733843319764,0.1909996428202683,0
0.06570337201210577,0.11830327561371394,0
0.11220496181439633,0.17418756285683196,0
0.044099020432342886,0.0973293613110313,0
0.12255527292862105,0.08492383194539195,0
0.10443500209742097,0.04780964651477366,0
0.1285787656641286,0.07514019703690826,0
0.0941612235786923,0.08478958419833775,0
0.08067294956018983,0.007621377796549464,0
0.02187401816758698,0.02024713862554172,0
0.0853158492413024,0.07953949984775563,0
0.08572040518452946,0.04689748469429358,0
0.07421416326126912,0.07205219750859114,0
0.0035359851821739063,0.13905722462154918,0
0.005912657790301187,0.10137318323561084,0
0.11359379264604598,0.13590706978866268,0
0.037256704642223665,0.2190432771542185,0
-0.055127410336060056,0.11538408304982835,0
0.07521038398349267,0.13241670457916127,0
-0.03331978883006706,0.10406341762130372,0
0.06321977360896479,0.11620158470623067,0
0.16502979534649115,0.0975240882866693,0
0.16319066932971196,0.16545817418562744,0
0.23376570309514505,0.19812864910903027,0
0.206624804481568,0.22542424429582236,0
0.19389954850340715,0.13078239323751284,0
0.1403805867691706,0.14794716981907047,0
0.12011381512334782,0.2048345907325425,0
0.13556770855608435,0.1667877371021736,0
0.126426905761798,0.10658234466883776,0
0.1068405816149887,0.2118105615358824,0
0.004298331674122316,0.22961855339492712,0
0.0653740364550353,0.20059844171031782,0
0.08804390446405269,0.22560855634890387,0
0.05233102847188151,0.07719767216900611,0
0.06322932832780764,0.24717843938706904,0
0.035008504600091264,0.18024284621785663,0
0.013355599130192002,0.25510837824300064,0
0.06761412627662021,0.09652444970198298,0
0.0032206000670381013,0.22178393873563632,0
0.2165855489280793,0.22447268263418207,0
0.17571226281787844,0.14535534256291796,0
0.11180702853186994,0.06285269509755557,0
0.1575589022526606,0.1033624713766862,0
0.10613949122837435,0.12558056817100963,0
0.1186077992832329,0.09834941484241519,0
0.0802838409853543,0.07178551055218174,0
0.0828412519421746,0.17443399732220044,0
0.058381531290458394,0.07984382476214423,0
0.1326315101727659,0.11948038841037498,0
0.13162093132591166,0.07304452837297942,0
0.0996395617485754,0.034397128637310107,0
0.15332526983612654,-0.05531508007083283,0
0.12299872509309592,-0.0986146507524058,0
0.12858771026628155,-0.062269272187208013,0
0.16736259858381192,-0.06930543786518252,0
0.05953756886314984,-0.12160653020107154,0
0.045093216807464004,0.02661293941122353,0
0.009500960171025204,-0.03148875883538755,0
-0.016163078039423562,0.05066771729726743,0
-0.001406506604067893,0.018144510989333777,0
0.038959519861615374,-0.046883510083768516,0
0.1151814891909485,0.026472616460855726,0
0.09387188632052636,0.11499797809879764,0
0.04568773500859067,0.04623285664953686,0
0.08384054106976088,0.01700468869060809,0
0.027429106991766823,0.015598696403072187,0
0.044562234992430325,0.07541888572224452,0
0.06955725346416194,0.09074129446414747,0
0.013584020453752038,-0.006089019720065536,0
0.09655781303292095,-0.0004029524170584336,0
-0.056500159538478936,0.022579596739503036,0
-0.008679358605302653,-0.004232944756208449,0
-0.07229404729951965,0.014731408275879796,0
0.049817601793195776,-0.022588450314887123,0
-0.007431738138127961,-0.014460360684882368,0
-0.03445883911308554,0.003089776434554499,0
-0.05237546126288738,-0.03880047328709903,0
-0.001692024514895224,-0.047715187106909036,0
0.04280371804421325,-0.016898130497890018,0
0.09576341803343619,-0.042342571779491675,0
0.12097945383520634,-0.03660030535575025,0
0.055775670425023446,-0.017128018980513117,0
0.083066514054377,-0.10330567058469531,0
0.08390209262131539,-0.17984624655402504,0
0.09864075605259995,-0.09688052131275288,0
0.04829919821670837,-0.1531962606627745,0
-0.02941532970338811,-0.23309265910989357,0
0.059825512383736644,-0.14113897699782701,0
0.07973654610105663,-0.19349354451416848,0
0.07172745128994655,-0.15763743871606783,0
0.044265007844949925,-0.18204342698975662,0
0.04940682919151088,-0.20872732003166428,0
-0.011173075759119987,-0.0929725323985888,0
-0.055815024288709374,-0.07644706395332174,0
-0.0715801270960076,-0.09130756667308954,0
-0.03505980246105295,0.011584525841258728,0
-0.028676099986075513,0.007206836928809717,0
-0.10724610923953214,-0.11467473439807314,0
-0.05159280344795469,-0.1369018575604642,0
-0.01348369232258445,-0.031041486848914543,0
-0.018439245639476243,-0.055388529827868224,0
0.004719734901857224,0.010128580763988343,0
-0.04770750758530292,-0.08684749632133594,0
-0.0584210826839061,-0.015133689240822923,0
-0.056143435981478716,0.15887500295564289,0
-0.02486471498071842,-0.012921419527003458,0
0.039813297117753,0.016972813925736616,0
0.01714785007770556,-0.002233329026954594,0
-0.06631148332627575,-0.08238742328312386,0
-0.019945634527864346,-0.042847041736249515,0
-0.031922522642737414,-0.06154717493014879,0
0.08552471788383888,0.013833789030895646,0
0.008000574948614753,0.02716774664105069,0
0.08512191881298886,0.0741367735752107,0
0.04398587697879246,0.005941496577643368,0
-0.01579923401999979,0.043119097616115105,0
0.035172105194253,0.05259466445185858,0
0.03093006891034732,0.018263156921205004,0
0.08191915801105903,-0.04845130279933105,0
0.0858611658418587,0.07938603204590272,0
0.013945976846176114,-0.07373708897357847,0
-0.08061618855332807,0.020460405832142994,0
-0.06118142912396768,0.05196009948679736,0
0.023747810924828555,0.08405419795923873,0
0.0018842099189051546,0.12996888790623487,0
0.029725790219823495,0.040005164683073954,0
0.1589587561985812,0.051241436747124246,0
0.10409184855655682,0.08341020990923122,0
0.043840532396535334,0.03695189721017961,0
0.08024674764673033,0.05646819302746627,0
0.09932352112185207,0.09435636473548073,0
0.07369387016987793,0.013003252118606146,0
0.005270802884282055,0.06416292794351294,0
-0.008588648509659817,0.004867022084343781,0
-0.0070618869758243726,0.059257260727786594,0
0.046156935959954126,0.04271481130694595,0
-0.026854564541890308,-0.009135740550082289,0
-0.0378364975736686,0.09560636059862647,0
-0.04925452085989074,0.03749356302328051,0
0.03075190722094294,0.01361277895000651,0
-0.010415022029174006,0.05584623887030256,0
-3.6279812227268254e-05,0.12832345212837704,0
-0.09042241682002261,0.07309060832149243,0
-0.07882251111454214,0.10658075640895166,0
-0.11653623935666507,0.09860273980643706,0
-0.030220762519729244,0.10430325569683757,0
-0.13232878092784317,0.08251565108161552,0
-0.08086983905044798,0.0821119668350133,0
-0.09052605025127448,0.1424434341775551,0
-0.07461320617425113,0.12214474360612011,0
-0.01878234002135947,0.1440873055725591,0
-0.046405043028238877,0.060353785156253045,0
0.01030179050586904,-0.0052435893549016566,0
-0.007458815267073517,0.050884848762206614,0
-0.041415814380835025,0.0868001025995454,0
-0.06555417612477377,0.06715662836586775,0
-0.07790047490826592,0.15181866921567885,0
-0.06505856503088407,0.16825700465966043,0
-0.15678649132479033,0.12759357656434284,0
-0.09307706803416757,0.03086245901527486,0
-0.18745416531331643,0.1112074860054677,0
-0.0728425091202472,0.0866580990349875,0
-0.09925533585433802,0.05812193525941432,0
-0.10976846388730456,0.08982702878472332,0
-0.06876019168803874,0.04838796831623364,0
-0.06958392792559154,0.016581301397431795,0
0.02177891392654921,0.058344803174022894,0
-0.1463654313329029,0.08886510064528988,0
-0.018350020455633886,0.1027907773455398,0
-0.028263829041464017,0.05913164205944285,0
0.04691476935333204,0.05060555273095259,0
0.030260232878759886,0.10839124298746271,0
-0.0007791972792537891,0.017080931550715064,0
0.02162995641099312,0.08652835505152782,0
0.007858322037888988,0.043326090454364155,0
0.09582166471493155,0.027022861614222595,0
0.12655757124865358,0.07315334291418217,0
0.0839637035760565,0.03234310541224323,0
0.09877920052511843,0.0539063481091145,0
0.17218127966073582,0.07838114677548727,0
0.18231547538651738,0.06056055876153602,0
0.19886102534519548,0.10306695279957001,0
0.16814250820479631,0.08638034093198196,0
0.11867349300355434,0.12444364916896891,0
0.09166839967176929,0.07723273694836039,0
0.05540866209085196,0.1771592271095287,0
0.17529703264349078,0.096372200916,0
0.19864379335637236,0.12515087389022,0
0.17562148987811826,0.20751163919557875,0
0.12263312420738785,0.2108031096031287,0
0.06420900402247062,0.2186674595845906,0
0.014032558302165613,0.1939235702662337,0
0.0010195384010670255,0.28057506912423685,0
-0.020046672814932727,0.34912542420423187,0
0.061260050362810396,0.22926966496330448,0
-0.013413073731036416,0.3176709625600993,0
-0.058130171083811764,0.23063471041960437,0
0.00863587216801668,0.2533970103855844,0
-0.11765874001890622,0.22601518491470743,0
-0.11087668567375225,0.2748061084825313,0
-0.029429274261898244,0.3655219217359776,0
-0.03236940272000422,0.3054316133979094,0
0.07909258191596188,0.19225678280490333,0
0.13189245419670403,0.15665664307333893,0
0.043195563533163395,0.12888039453098712,0
0.023193348945061882,0.23903297976734636,0
0.09221159017010647,0.24800825571361565,0
0.08935866519275748,0.25018749118974465,0
0.08648756744749465,0.3487027069282212,0
0.1302321709621433,0.2950107555803437,0
0.08012556012544073,0.23595889941183731,0
0.13068646954916896,0.3517881024014352,0
0.08962458979787785,0.27065204021279426,0
0.1395447174739997,0.2586129740946544,0
0.0842843870109272,0.2691220279777334,0
0.1324959007591258,0.33323015066395095,0
0.10832323700577515,0.30758033583602085,0
0.11052763729378136,0.30726857056564605,0
0.12418717140422365,0.25077287752656013,0
0.21653413005932654,0.1736924787478456,0
0.03385546493798375,0.29577261616204154,0
0.10670404887854677,0.32317601993939943,0
0.10904306391197932,0.2824606924575366,0
0.06068835131204627,0.20052205342974955,0
0.00401461312835661,0.2869772760790208,0
0.03901277249739819,0.3128995458056423,0
0.07058982732348172,0.23711940474943544,0
0.0006643269201020707,0.33047452990997495,0
0.1523056460838473,0.27176960710470927,0
0.1472883796948304,0.3051412618091818,0
0.07859199511993063,0.30878163359285243,0
0.17661545789944186,0.23683703917734894,0
0.1839386925374396,0.24592042993014032,0
0.2352349784935046,0.25591413045799083,0
0.2259845785207506,0.20092097946466442,0
0.22382638621615922,0.2598448423997632,0
0.2245966990007856,0.26583410189213386,0
0.23316696492980296,0.2373580183714557,0
0.2188968123597922,0.20355449023441902,0
0.11243833192811781,0.25131585954938523,0
0.16332742157131305,0.13472168234891943,0
0.16790625701732426,0.17656542074145787,0
0.15308625927117,0.1980897934312305,0
0.09363019416192568,0.3009174458333759,0
0.06548544541169038,0.2929395637278219,0
0.07806023074289667,0.19586379582278385,0
0.12191528123977313,0.24780472729064468,0
0.03537868976011592,0.1871141073735083,0
0.07451271998771833,0.21747124731097411,0
0.05053198695431217,0.34225588256825085,0
0.09439570314293355,0.29873247329413916,0
0.05990951775978279,0.35043653038013456,0
-0.011721749065276121,0.2615463936970864,0
-0.011919214706651915,0.23416261607005903,0
0.027422183827270984,0.34001847295807036,0
0.054674284195015646,0.27716241745919307,0
0.15558689941392073,0.2245514159547508,0
0.21526525690993065,0.2316230720081951,0
0.22036183626704628,0.203105239738756,0
0.171024942108374,0.15119183503839953,0
0.12456004270510762,0.12329487171357922,0
0.09527165774867019,0.20744298437866188,0
0.09410549149060503,0.23157827740620296,0
0.08838710514006246,0.19565469518424436,0
0.033353155989639366,0.18378877894449158,0
0.05558250261266817,0.19722611991305997,0
0.11330044582128923,0.29975528002251384,0
0.0007658704976286068,0.1902246167178859,0
-0.0158448594597625,0.10515881740669074,0
-0.0016000097589642884,0.129186692183323,0
-0.03596333164593996,0.22428647882417274,0
-0.07195920068072717,0.20430249168540496,0
-0.03747637630931968,0.327264699300274,0
0.018548123930906164,0.31728276613350326,0
-0.07131459120740061,0.24598553851928384,0
0.019778760038896365,0.28547819017217524,0
0.04320777767077802,0.2500164979811088,0
-0.0054637062582247875,0.2957308915250833,0
-0.011636246585117383,0.3714203357711616,0
-0.011025742444689646,0.2797427685160655,0
-0.01919154452051383,0.3366550975820463,0
0.009889987812537464,0.28547239249404854,0
0.03444383914143966,0.29934546613775387,0
0.017163299203945416,0.2161821693074265,0
0.040406511231470175,0.3020350687293583,0
0.018768937440077522,0.23685923233087133,0
-0.025439306137248582,0.1730105128655198,0
-0.03583886386247387,0.19184469611652513,0
0.019637023109324067,0.1993573462555952,0
0.01579186351601591,0.15449448254303383,0
0.11401103287107232,0.1623376620310594,0
0.02384579806518572,0.2022623920740687,0
0.07046131721194829,0.20495094483225382,0
0.18076602550317938,0.22026946081648993,0
0.16527472559622353,0.2848022118375419,0
0.13098534573605078,0.23256868013832843,0
0.047809997270413185,0.17112444982777292,0
0.05397633064813484,0.17400953384855905,0
0.04806542474555341,0.17187780002778968,0
0.11012430474371031,0.20647002409432144,0
0.08485157455415812,0.21179989087034137,0
0.02069001090804995,0.25829787968840934,0
0.06024274132930092,0.27533718882608277,0
-0.05652007640682316,0.2570342862336949,0
0.0752108235753379,0.3760202359037228,0
0.04322032837693059,0.2862064599193357,0
0.08779922839519994,0.21055334540747678,0
0.08134771609599455,0.18180340899307268,0
0.11456660540964533,0.14715099873013726,0
0.11220819469571414,0.23147872243727877,0
0.031360104860934435,0.19053205469971127,0
0.06422512847333196,0.13428664084080938,0
-0.04207387136335307,0.2382055472196079,0
0.0051201268494220145,0.24654642124306703,0
0.06650388831113588,0.1582161747595551,0
0.09266941264124871,0.3143338319185196,0
0.05654720594279107,0.24842278714133906,0
0.10720695495518184,0.24283658449847495,0
0.026384025609133152,0.24457595515353067,0
0.05297981970251596,0.21922228418354384,0
-0.014259784709680742,0.22869950798487296,0
-0.0662557868696405,0.19033349882502218,0
0.002561258620671081,0.11152952038779065,0
0.06616286042169946,0.1914847355368372,0
0.018952785993408536,0.18911467506285745,0
-0.05893571273285447,0.204264702862111,0
0.10657446665644613,0.2717295723112247,0
0.022842650284945032,0.22936214546088152,0
-0.03382281236728899,0.245344412545368,0
-0.053603070365916675,0.23297039599748973,0
-0.0276331262068238,0.1868737671285192,0
-0.1300933340073413,0.24431141897085068,0
-0.03780552191458467,0.27837758371681626,0
-0.052748931153288985,0.21651387276084805,0
-0.01567958633974742,0.1843523031539216,0
-0.1290283887062062,0.15582500607953267,0
-0.0644680181303334,0.2203869743038356,0
-0.08685583031039534,0.1544921971024148,0
-0.003946048719990061,0.09124813780388163,0
-0.025135327774965226,0.1383034106896959,0
-0.005651298105552368,0.19001694319411885,0
0.05627426379642973,0.26100692935057057,0
-0.0030814092437518176,0.20686304511988712,0
-0.030166980751143508,0.22730887892308266,0
-0.00708478123300995,0.21308211440994906,0
0.048422713453991836,0.16703348780759883,0
-0.002075666382090384,0.1991922310857649,0
-0.055787600531518815,0.19589082137155422,0
-0.021492565785327836,0.25196198041812556,0
-0.020583958724052366,0.21235058258145387,0
-0.1121831269882036,0.26220901729466384,0
-0.025833834771842742,0.2385606668174671,0
0.013616744753669079,0.18058202733692746,0
0.0048784179298047,0.21798330872076804,0
0.08984046295521994,0.28312220496915513,0
0.056392254619552946,0.22997718656541366,0
0.21548305010047994,0.06691532370392855,0
0.24105425516392348,0.06540481853281396,0
0.28007848028718063,0.17659717175963202,0
0.31479346310018474,0.18251715682825742,0
0.1848635532517149,0.1950983764745336,0
0.1997144826451533,0.23987624390757464,0
0.1885447072272176,0.17040253106802217,0
0.11056165840142956,0.1353143501377929,0
0.23972437668680804,0.2839390987056541,0
0.15253543856475466,0.22437243919053373,0
0.10371306331767655,0.2581693778656385,0
0.14010343274760245,0.28969408154523546,0
0.21828626236573356,0.43185071524788,0
0.10674148284880319,0.32211812489791664,0
0.1422065396529765,0.2936013380888896,0
0.13552565057014115,0.28235137576525826,0
0.1180348964025126,0.22847645101049122,0
0.19029105929204965,0.2463075784706524,0
0.06439805668500492,0.25131546929561294,0
0.10630747682201695,0.2533421567818009,0
0.06213017387165747,0.22938075903020166,0
0.1876961431064732,0.15616645705999518,0
0.1845362221896944,0.1780671182205956,0
0.1694387056454112,0.1675370814079704,0
0.16386265147790285,0.2304772404631092,0
0.019961711672033478,0.25728252239873844,0
0.027651015596523602,0.1730995850366651,0
0.11010579457098466,0.12191776344558355,0
0.018487196677044224,0.059889816097990094,0
-0.049953724020145196,0.13867923091893147,0
-0.050708527105196986,0.1464943547293157,0
-0.031721027912029715,0.14144010171735355,0
-0.08075939294826079,0.10977107505427344,0
-0.1582250329495845,0.11091606558744481,0
-0.1530446275427694,0.12566438953854972,0
-0.12824914395795864,0.13207636803110076,0
-0.09130512416985415,0.08484575789498662,0
-0.18032192726113744,0.13679308307700294,0
0.014475384356952031,0.13164064011035728,0
0.031301597330234424,0.09245141251137398,0
0.06804176692291297,0.06880112293445734,0
0.05150999950350513,0.018216257488267856,0
0.09165718885049637,0.07554287354223417,0
0.09523632694172575,0.07604558999673945,0
0.04086976314004704,0.02479172150369993,0
0.03392304923363933,0.024119659664059837,0
0.0762549615351404,0.15622031701233657,0
0.04098416076306044,0.12518675566945267,0
-0.028860858193401062,0.046216718539910634,0
-0.006890433416034989,0.13516752297087653,0
0.05608336844459236,0.2175719137184342,0
-0.006329923167807797,0.2439146012305354,0
0.02420459817543043,0.18799235246092336,0
-0.020550349681385884,0.2693333399244823,0
0.015720304484505423,0.24897347333137035,0
0.010176163211062211,0.2833948474306886,0
-0.008954452146335619,0.2595194845758293,0
-0.010560990380318025,0.2277123926355099,0
-0.018463755745249714,0.3528700038202538,0
-0.029361463931353846,0.4219750708778002,0
-0.04563979157803622,0.28577391682770087,0
0.034951279699799116,0.27911460347238837,0
0.07489779882853326,0.37936629993898024,0
0.10078724609119297,0.21120382011887145,0
0.05715583837826476,0.2442735824279692,0
0.09206219586399633,0.22254687701237452,0
0.09549939659679249,0.1518689779659882,0
-0.009021011404895737,0.19981673059951843,0
-0.057884861836853506,0.24925770424824684,0
0.004349314744039566,0.2105778256810117,0
-0.02765100434506667,0.1865255766021847,0
0.055561544325055716,0.2202588651114673,0
0.11578841734509387,0.1326376278897244,0
0.08280870298624989,0.2574853993019145,0
0.1647018657342635,0.16794762037790242,0
0.038170566779038156,0.17252894862236687,0
0.1384021860414026,0.22738020328832292,0
0.09980082323355095,0.2897607945722891,0
-0.016887406858850776,0.21878453611060464,0
0.03796879025685758,0.2789797638532707,0
0.02834347676017867,0.37707230469529673,0
0.06660853991330618,0.37208359954520953,0
0.049564344180279774,0.3645266502510813,0
0.09271596326486689,0.3449086961933557,0
0.023725602552643943,0.32677682268555414,0
-0.010625976133100283,0.3205034991717035,0
-0.013609929458165524,0.30383897577096053,0
0.03205849377264118,0.22062469669520085,0
0.08454365432486567,0.28824158681704376,0
0.10608676568841804,0.36007657068333615,0
0.03874003524847179,0.2864681279115642,0
0.10279249619341883,0.34780195802705327,0
0.01118466737750877,0.37612576449958274,0
0.05155575511221201,0.37927866310165703,0
0.025715212659600337,0.2584498695016082,0
0.009570071913511016,0.18896430905692568,0
0.03813989483187409,0.21799090708751873,0
0.20938194716875158,0.2450759213001037,0
0.16050090686094848,0.31763418061826476,0
0.19501227740988392,0.3534428329118157,0
0.20777269044168947,0.27132163315726504,0
0.20628620806813464,0.3307300817447828,0
0.17281367335042228,0.2978547031498586,0
0.1577956171407375,0.29072383989581263,0
0.06010103677046669,0.18591328057160372,0
0.1145842517435301,0.18353681857414472,0
0.0870269365619851,0.13000190404253917,0
0.1639949555549967,0.1975558682588465,0
0.13560369090888283,0.21727718491067613,0
0.14471215264734894,0.24021799234437624,0
0.08026449575031175,0.3410237223768856,0
0.2004048243928912,0.19978531183620477,0
0.08726237954504475,0.24137467696015405,0
0.1127446153459799,0.17534686578690695,0
0.08851042494316427,0.1534618774143962,0
0.06657514041047377,0.18010528251929298,0
0.1341248078258731,0.2700822736976951,0
0.07506216199606751,0.22514108654742931,0
0.15305274012904968,0.20288754487033173,0
0.12371411618171715,0.25931816241211403,0
0.1746299592825084,0.24416500922515585,0
0.2566023855093991,0.2670748024526229,0
0.21362132840339404,0.2814139388293321,0
0.24931204653373235,0.24995553158467426,0
0.20755900926199383,0.3074362921719117,0
0.16681469432017937,0.2683150716558081,0
0.22749757337999157,0.33681023091336415,0
0.23937072534350223,0.3286185710330245,0
0.21276189474151436,0.35354195521802056,0
0.2048098850692274,0.23974818329780395,0
0.1555980684746242,0.40656823334382186,0
0.18142716588689367,0.32764957049235005,0
0.1869067343241614,0.3176826606297401,0
0.16027908065466162,0.3765398896006483,0
0.04937160356709987,0.33770862789404216,0
0.06228873060164913,0.30138650496253394,0
0.07277257359565942,0.4373274737467112,0
0.08377098787995158,0.28384997444407456,0
0.11579508976083874,0.31142914876606775,0
0.1129782321137175,0.30900354771372607,0
0.11012662780900775,0.3740093055749105,0
0.14856475501048436,0.32979818568253866,0
0.09059691818524318,0.2753230749476662,0
0.09349857226575527,0.30564680550214207,0
0.06048411894916905,0.28086362655747665,0
0.10452348966008582,0.41434459569907434,0
0.1568193293839905,0.24802320027586577,0
0.14132391221023763,0.3319630966541097,0
0.09650526349611768,0.3979164759389524,0
0.0877144813922853,0.406476704889322,0
0.024433536799690736,0.381268471592202,0
0.09109239618405138,0.3150496479979864,0
0.14792491832073748,0.2573713270181817,0
0.11586923773071817,0.3217983154564879,0
0.0743287445854735,0.3244254378642908,0
0.07489572872257542,0.24826048301713932,0
0.13660209628920067,0.2825386920575946,0
0.11298735661635083,0.30519807657817477,0
0.1752134195861645,0.23632860520235216,0
0.06979718003910368,0.15223993831920812,0
0.14258454885964061,0.073973430699516,0
0.08495729632601426,0.11064831005772391,0
0.09882634675938023,0.23476424702696613,0
0.0600127791952138,0.12416215872176298,0
0.10561771690261176,0.1524243915661081,0
0.11223787593315704,0.1823720651153317,0
0.05795699005762017,0.18714313401285906,0
0.10552905447395339,0.09801783416804295,0
0.04772911357783805,0.12809395566821824,0
0.03781661595960734,0.14495641254679076,0
0.02184795171156174,0.1805866371847591,0
-0.008498110802817933,0.18598153785073288,0
0.031220913399856248,0.17897027614545413,0
0.06908806563090983,0.18931093897301343,0
0.11957731648648443,0.13257757048192423,0
0.08859411550601151,0.10096365471979504,0
0.1014899690808328,0.12291002002094764,0
0.0007428899996900079,0.17672442220680268,0
-0.02004136720434699,0.14624427260658923,0
0.014844995752197065,0.1373460905280844,0
0.08360507420488296,0.1977311652585757,0
0.04883454457034508,0.16716993794728577,0
-0.012398375604406,0.13080564995979474,0
0.028959715765522365,0.1291252964471808,0
0.03866926418883566,0.05159994567621415,0
0.029447817809488828,0.05953165162336881,0
-0.0003767786980421392,-0.0033177871646849696,0
0.024977438986719395,0.0838466344027255,0
0.029574396725875623,0.14360545907801897,0
0.05835792872903106,0.09872702376888878,0
0.004042756026282922,0.19113528822627024,0
-0.005755487553727944,0.17489378695481902,0
0.05246204726788035,0.3271990373976985,0
0.0048602929484207885,0.28028117588117357,0
-0.02874850576993003,0.28416493360649286,0
0.0426468411368843,0.23125382312790418,0
0.013847319845494931,0.28832717820134585,0
0.02593812030302551,0.24329624161100938,0
-0.04566568600889768,0.20445762117974997,0
-0.04369716759991607,0.18683774705486525,0
0.0001831760391355422,0.24635385835246074,0
0.0019642682328165507,0.17943584780168814,0
0.02641125797589762,0.1723506482004912,0
-0.026661969141077407,0.22247028225097054,0
-0.12192077659724995,0.18025468826270394,0
-0.0814087396743984,0.20197449028735756,0
-0.014196010531120351,0.21754654689358496,0
-0.030296737256500856,0.20964246100301123,0
-0.00756218944719168,0.27906987202758204,0
0.021874334438588203,0.32481080488188707,0
-0.019404086596041502,0.3907090738511688,0
-0.08999668901526303,0.32774848226877973,0
-0.08940795402019133,0.37057998002036857,0
-0.13307166855907937,0.3532629297537868,0
-0.002740239537118716,0.39121720924192666,0
0.07277662695700024,0.44515352934092645,0
0.07463181967512218,0.41731010437954297,0
-0.00014600084941310265,0.4010218190463041,0
0.030273482744120502,0.43091927833101923,0
0.03810884358321299,0.420824572168724,0
-0.031346376381026685,0.4408752731562952,0
-0.04375683051485611,0.4857552595238191,0
-0.02901663647732953,0.39579862497452767,0
0.04137726416696406,0.3498750056450147,0
0.008344900613601547,0.3755532706376564,0
0.11536648596007824,0.3202667912070544,0
-0.015628276602545274,0.3901345935888104,0
0.05768669771438782,0.39268263314219004,0
0.11511063371597435,0.43847535862102266,0
0.12864313871524552,0.3729111121440069,0
0.1819587264332288,0.37233558264182925,0
0.1592826653982084,0.5019553907527822,0
0.040491305258864796,0.4498536396748451,0
0.061138935441334946,0.49822434300758245,0
0.09251592108123295,0.49580326468612634,0
0.05615944761790234,0.4578527757508859,0
-0.052791695294621466,0.436933571254444,0
-0.003872467615319508,0.4365901427122707,0
0.0737359197908348,0.49545911722222985,0
0.10242973975078526,0.45074515429858913,0
0.009277198486117771,0.457160246936341,0
0.02476802383003568,0.41880744544122334,0
-0.010593797311541454,0.42840144517946116,0
-0.10287194386855814,0.4500676386954954,0
-0.030570987739386324,0.43545819959543974,0
-0.05200050589362838,0.49493124539831673,0
-0.11374699614732697,0.3130379853507079,0
-0.13799139566787058,0.32126063226153045,0
0.021760621071142988,0.3843357957480064,0
-0.011342325874152126,0.4212678856584274,0
-0.04357573529131453,0.4027437196528617,0
-0.06732017701114788,0.3634389932710619,0
-0.07042634082112129,0.3872359718400637,0
0.05236785157322167,0.3780274721556624,0
-0.004902100571633969,0.338914954880861,0
-0.05752231967162008,0.329057541033466,0
-0.052648470743235566,0.38088295425065954,0
-0.09590744562777867,0.4166959930151648,0
0.0014463963754860198,0.40367093458325254,0
0.08396730341513713,0.2672451192059236,0
-0.06034222600590326,0.40366050815045096,0
-0.0553239056554911,0.3500077819356646,0
0.08525653354801808,0.3242110605287093,0
-0.06011110934976423,0.37777449605527336,0
0.07181311590067023,0.3076045113742215,0
-0.012073832416816949,0.3635254607164614,0
-0.09381827648115897,0.26481309544634196,0
-0.007035533388533147,0.1863251506616569,0
0.056962315737022554,0.22577752619605274,0
-0.023754452268267084,0.23954865989661223,0
-0.09008572894672434,0.2591433905284195,0
-0.024757058557872275,0.2707852173475209,0
-0.012792526965856218,0.2934085855341708,0
-0.09713942110452162,0.24395833332289216,0
-0.12883988146219663,0.24434714519036618,0
-0.1347595472027122,0.25117730028817375,0
-0.14522293409777703,0.11028775930339696,0
-0.05731458857694814,0.14459993117389697,0
-0.05622136018807007,0.16347720196667603,0
-0.08725454322979515,0.17080427757120403,0
-0.1254531306365957,0.11490915050460598,0
-0.1140535400702833,0.08906418599897697,0
-0.14312192233871998,0.18535612355512623,0
-0.048533670415888686,0.24182307785221852,0
-0.06009444948131634,0.11980071003277253,0
0.025768792793808767,0.20705176160352345,0
0.01266834551993827,0.1697099725725585,0
-0.03229801945767267,0.1884524269384545,0
-0.016184572330210378,0.1877054477485317,0
-0.05137993346246156,0.19592535937632083,0
-0.023362994749312187,0.1564774379940903,0
0.03838890272766997,0.1456793055235822,0
-0.0022220304630298643,0.1575385864262104,0
-0.08060903929287776,0.15150975816060774,0
-0.1044523247697304,0.14791494075170947,0
-0.06993656919651083,0.2536782608161313,0
0.0052816518244356014,0.2438896536694657,0
-0.03640012505359408,0.18921371370548312,0
-0.0010699961066218885,0.17886081088222427,0
0.17064989134807151,0.1387050420092692,0
0.15113649989637834,0.20309540881796115,0
0.0866391326024133,0.21683147831298197,0
0.015004726423751072,0.24121309244465122,0
0.052856410307102565,0.19253537634522333,0
0.13862029258594766,0.228257374051914,0
0.10593637591005137,0.20505301708408308,0
0.044322717191303825,0.27674904763184077,0
0.015058168935949596,0.3195880622561916,0
0.009442692083623538,0.28011980028350447,0
0.098010353903746,0.34415306601679674,0
0.054219684461943946,0.2803725308937436,0
0.024993829040722722,0.3824280141877926,0
0.01032880047978927,0.32237557693239793,0
0.09029143121401764,0.4182766311484399,0
0.05255731708996171,0.42765555555467394,0
0.013644202289720762,0.34304729182696575,0
0.05075782974455823,0.2534893235105015,0
0.001831959717415045,0.2851002005651507,0
-0.024760216320594414,0.2899656942816345,0
0.04726288561604819,0.39853750846167174,0
0.17158946649838447,0.3372675989141463,0
0.023670803444974353,0.3305301860263138,0
0.12636846429980558,0.28898368103535754,0
0.08734083738240819,0.25175826098448684,0
0.02970777092902576,0.14940194499804296,0
0.09551244301498271,0.22497168327314582,0
0.018503797667587238,0.14626497710323905,0
0.053182673266836795,0.22548866532245337,0
-0.017713968461025846,0.24959356064356575,0
-0.009006388172860208,0.229607975476784,0
-0.031074462302928083,0.22380801662051417,0
-0.005750560272124727,0.24031313656837822,0
0.0991430926270737,0.18992761886427437,0
0.11074529191529098,0.10541386430758788,0
0.08406732625394558,0.1625040345010559,0
0.015014459002118577,0.22364831962822027,0
0.014038084419940224,0.20405710267536442,0
-0.025591701744223646,0.1812296840240605,0
-0.08472040166065231,0.20558585783660308,0
0.011982847043148809,0.1279923406231246,0
0.011321172641679105,0.1593217459775498,0
0.03183129951865298,0.13361395072253177,0
-0.048074742515332315,0.054084326325110704,0
-0.08163222245196736,0.045324892886374646,0
-0.08588315481021291,-0.02331954054827977,0
-0.06047027396696465,0.05934713995413522,0
0.10080290339041055,0.11703293134316403,0
0.07545244874183822,0.14325376493925684,0
0.0994548136432139,0.20092976961711545,0
0.09584171614150222,0.12085818090965404,0
0.09723742044350699,0.17750897288208178,0
0.08410548169922757,0.3238874785575655,0
0.0998471231676713,0.26320932783090417,0
0.1303438157320181,0.18940830746507695,0
-0.0012594905698966041,0.24100631433718628,0
0.08818611417941843,0.24726050836757904,0
0.06926386271100983,0.2419328050513029,0
0.05130486713423414,0.3175472656542738,0
0.09997775416857226,0.2492141569773127,0
0.1354445817083225,0.18143329223588553,0
0.1277363461831908,0.20710306655043004,0
0.07524155499618462,0.24082071356086027,0
0.09459561280809825,0.10715886856141746,0
0.07558958266782291,0.18408967053413458,0
0.06838686344884314,0.26004940726526016,0
0.14386191571044116,0.18098632741525666,0
0.05410858507301004,0.16887896670685398,0
0.08248833965444581,0.24161182136267612,0
-0.0088139217492125,0.1855026919514507,0
-0.0926758142900818,0.10383500165288317,0
-0.05828083685710499,0.1405277011467309,0
-0.06744295577122127,0.12553207911856676,0
-0.044078158885161645,0.1756068312354169,0
0.0343823591375908,0.1915200897360552,0
-0.10919085059092395,0.13572504525955004,0
0.06428922109839924,0.0508575947816233,0
0.07252037433701056,0.1591501344577116,0
0.14682535774794858,0.17272461566942018,0
0.1295521707279716,0.19937860122488396,0
0.08131240233214192,0.1620862330923473,0
0.1716810728861567,0.15898809114557616,0
0.15560157404684252,0.12964755882837087,0
0.1541016872819219,0.23948364311585882,0
0.1933761670364754,0.19107075491294814,0
0.10450407636352418,0.18419012229778642,0
0.09975632738493011,0.23928119224679503,0
0.09873611396535738,0.3456958079429868,0
0.10603027223663707,0.2704417406756782,0
0.20024338938473007,0.24905187558396982,0
0.073742063655715,0.2794317497732947,0
0.102552563838909,0.2991548935740322,0
0.01405905564120595,0.29880063289282194,0
0.03928820219119379,0.3755422613127005,0
0.024947088120772322,0.3086870350310088,0
0.04467485783283648,0.2630560828308851,0
-0.07083187009317539,0.2942291070837162,0
-0.0469450374450446,0.33305778826599947,0
-0.14197830714707052,0.28867730646299566,0
-0.05860596546958531,0.2986189285070844,0
0.008309498816656727,0.21585527223365336,0
-0.013059803263855307,0.2152840287742924,0
-0.0168291232919941,0.20187115055315613,0
-0.10439798350065621,0.2288696980355057,0
-0.05292567165862829,0.3016800668394584,0
-0.09203281899839325,0.26491939274860493,0
-0.025838925282966885,0.20583970783728778,0
-0.11398083116189922,0.23616346813435124,0
-0.043322965644727277,0.32694209274058716,0
0.012165173927919298,0.2680184443452717,0
-0.029718213945586998,0.26944629531599695,0
0.0761841059236838,0.19211504380267214,0
-0.11268260491933293,0.21349867257755029,0
0.014972551412870128,0.210683263030116,0
0.02464537004324005,0.2354948690189938,0
-0.0158502684670494,0.24406937315441263,0
-0.06656539121462711,0.24255835087784772,0
-0.10466959175364307,0.27570723587165696,0
0.07272655207915335,0.295536027790725,0
0.005100528355216835,0.17576112773292307,0
0.06515171036099157,0.16635129702719528,0
0.11852475921095429,0.21095724475609037,0
0.1733400382099401,0.29752082690643233,0
0.19506294401551383,0.24125201265824187,0
0.03373158297625781,0.336456453133912,0
0.061638851773811315,0.32872094723601025,0
0.040281246891908415,0.34493890795086624,0
0.05734716410935531,0.3343276148488249,0
0.021831611336431397,0.2981718173139581,0
-0.024097646759058046,0.27087212117641307,0
-0.029008012626095862,0.292792345686141,0
-0.04335829457544242,0.3269032171301053,0
-0.04411461348109342,0.23669776127172593,0
0.0588326628225691,0.3132322673520638,0
0.09847544114598802,0.31641973122865746,0
0.006280176353132216,0.29487788221927297,0
0.06271876280369443,0.3244785089040836,0
0.061112757897893645,0.26495038665925424,0
0.037326817741341556,0.32373793375287135,0
0.1826962277636677,0.2660227948352797,0
0.18592058328322772,0.15870813819441265,0
0.10428676655918594,0.11659614547082806,0
0.09814473850390049,0.17731389765886799,0
0.20440506916637086,0.13236331410594288,0
0.16906746818947055,0.24568847559970136,0
0.2160385817392386,0.16461544055064325,0
0.13155752832841103,0.15311728719533882,0
0.09643385559576202,0.17828014614645044,0
0.07198041557255722,0.18688761714355465,0
0.13075504757247638,0.20712561585335496,0
0.13366719983898637,0.13909664215591738,0
0.04660761346877848,0.22082480040442232,0
0.08782473406842597,0.29146661028606297,0
-0.001359134203506529,0.3271153330264046,0
0.19918611520271434,0.330161837394233,0
0.25295040025751,0.25243081214753027,0
0.038707777323637865,0.28326149554266794,0
0.10331720132570198,0.30382596500623893,0
0.2490983917197483,0.2912234987253793,0
0.0455530211894985,0.2494398798371481,0
0.05817128518299346,0.323619255456024,0
0.041295618622049446,0.33556973181171523,0
0.060519197422744364,0.3099741458003155,0
0.11941825673300845,0.30039166335512274,0
0.029857545587937614,0.3560513022674605,0
0.09129468442502983,0.29390018289533815,0
0.06943507397395728,0.23773078653944496,0
0.15314152350615562,0.2677711310380265,0
0.20010528239999975,0.22255201795374546,0
0.1090710796348831,0.18143834087285027,0
0.13648845498722556,0.27723489006250784,0
0.06429506140991528,0.23775031180465572,0
0.14652491386838262,0.2786512324537071,0
0.21039515214893637,0.298359765440661,0
0.3217880034847143,0.2352984404986154,0
0.25408216763417363,0.27855394003893924,0
0.3107349831826843,0.2196493184657402,0
0.18392344293718113,0.3258912314805498,0
0.2053922883258478,0.2958591897401286,0
0.18490620130593186,0.3343215289928004,0
0.20734368825113658,0.3163366659551468,0
0.1721800950530177,0.36110559648432494,0
0.0911741223747149,0.28516112826536033,0
0.14400982026500456,0.2125994518568353,0
0.10697847776272681,0.15775385822920324,0
0.03775826437571947,0.20769109131347885,0
0.02036645938653374,0.22819633631870784,0
0.08570166420578547,0.27932981975750665,0
0.09449642522339101,0.31967536056036466,0
0.12232087449246254,0.2947882884296565,0
0.13760856445978042,0.2738121369271777,0
0.03859971382930348,0.2013295729656534,0
0.000577490653769476,0.18100765557170323,0
0.015881285360048007,0.12927682176897162,0
-0.004519573070343293,0.2600927634902225,0
-0.02509913953232079,0.23353297075350032,0
0.03598696435205621,0.24572832375747314,0
0.09180889443376293,0.19114275468755615,0
0.10977048230921226,0.1614465648122993,0
0.08934191707962237,0.17467990293187677,0
0.15248721146788635,0.25150962006550626,0
0.07246800659872685,0.16212845967375178,0
0.03943381992437975,0.16841447321822753,0
0.060035607846382635,0.07801621114802636,0
0.04572924639676987,0.15355406734588106,0
0.0436996618451974,0.1964308951637082,0
0.029754195589720964,0.07561930662429543,0
-0.009948670419616744,0.19044370438662694,0
0.10427820437208718,0.18369013360663436,0
0.07626118115020092,0.21802927084961798,0
0.03333944151848274,0.13224683499219747,0
-0.0812928939485806,0.10596273929226983,0
0.023953032167252503,0.12144834560116438,0
-0.0023322770493721633,0.10148040215478527,0
0.03662901681277965,0.06636480582254417,0
0.05391788794565222,0.1383226466954137,0
-0.013929299147350638,0.13288176710811528,0
-0.05565512203744406,0.1313017641518495,0
-0.01300595943544327,0.09104593744157281,0
0.0650111489040128,0.08790687633617403,0
0.012156542314298087,0.15942008385702344,0
0.06045555284798284,0.12571806793793477,0
0.09656029799036206,0.15545371557347618,0
0.027644454460863305,0.18377976901780108,0
0.08113112547490861,0.33880702948476804,0
0.027403716153387492,0.32275379052844433,0
0.08362812897158171,0.3707209327879338,0
0.07779827599913533,0.3951466084393731,0
-0.00195959979349751,0.38757438009477085,0
0.1342053968332002,0.3660753075338702,0
0.026349503652120312,0.3118579928291253,0
-0.05629269231535007,0.30074336541810326,0
-0.019908258965180746,0.24179074829220443,0
-0.05768171158605876,0.22787322397465562,0
-0.05164905127426389,0.33990815284952947,0
-0.022037118778920967,0.19011918049293,0
-0.06528949099294018,0.1500974128300632,0
-0.050833461156420165,0.2670122423530955,0
0.02710955813687692,0.2610366106893386,0
0.025637691771592714,0.23787708965035503,0
0.08759143452675318,0.21750129355643666,0
0.023959325814465082,0.17744304933794608,0
0.08359471075274809,0.20810495300157053,0
0.10505353586192678,0.22013730115974375,0
0.04236439356937924,0.2300115937725471,0
0.1460451187200002,0.22519538067735514,0
0.11321036204365478,0.18566095980390573,0
0.07979121910128399,0.22359739449297183,0
0.04807672263962651,0.23799557352491077,0
0.06303093621971889,0.30086184957748585,0
0.05516960706829909,0.29231387936887304,0
0.13522474374299712,0.291039712619995,0
0.06325256786980349,0.3425621309390105,0
0.03511700243463006,0.28004536749787023,0
0.07210836057839673,0.32917334198769344,0
0.07838691249250601,0.31705363173894874,0
0.09931137946002132,0.29111956484990414,0
0.15272815947881357,0.24023376714938277,0
0.05200492722998726,0.2971650409709099,0
0.16242547018679937,0.24215033183416199,0
0.1498087313178917,0.20520674454674231,0
0.21968169000507382,0.26403820551933355,0
0.12109250736880264,0.36990485652130245,0
0.17366028972148245,0.4387694911494825,0
0.1333187111524006,0.3764688970763461,0
0.06932750909972461,0.3350464237059232,0
0.2026282738078392,0.27093768549759145,0
0.14166066465705465,0.24198550836764365,0
0.06048402193437688,0.2428104150590537,0
-0.0044504201761877415,0.19476693742801698,0
0.023832944701421846,0.2466949332411178,0
-0.05234962920912724,0.26468331892420244,0
0.10959435114154341,0.25789974680898153,0
0.01244783095724851,0.15721802277449437,0
0.09293088045170174,0.279794182744584,0
0.07300419079077944,0.20212674522809343,0
0.09175174630317887,0.212986722375933,0
0.19635034578412425,0.15504576119913982,0
0.03442243105546941,0.14662563388048805,0
0.10472881988548396,0.08240036049767013,0
0.04168589825618624,0.1072569080528557,0
0.0071829011470022006,0.02650585447144528,0
0.004438362967764082,0.13668673439669055,0
0.06766031416203204,0.21678218596417714,0
0.02801418030415502,0.15123441056971557,0
0.08891744171511254,0.22893349532097623,0
0.0317739000864698,0.2176076594479817,0
-0.15240838580647012,0.3049054640702842,0
-0.061483201719525774,0.25536905443824615,0
-0.10733134212813353,0.24871719402658174,0
0.034420548143707985,0.2528601154887777,0
0.01948439163184875,0.17974604046641085,0
-0.009168950548744403,0.2413664766557409,0
-0.06449707280526944,0.1386147933420432,0
-0.04982478011319127,0.18665476737128456,0
-0.11799128675154327,0.15762822107024033,0
-0.07157016117226969,0.09288204901226917,0
-0.03395087616664549,0.1170851303645967,0
-0.048840974971060894,0.14984523192365512,0
-0.003116772504558593,0.06722589699589894,0
0.04573353107670887,0.04814493094114428,0
0.06397713796392308,0.14788507292945566,0
0.049985456108298035,0.13247224050593748,0
-0.01376952106591424,0.0638330544449293,0
-0.07606068988227802,0.0782193813015187,0
-0.021839414221953173,0.03035139498965249,0
0.05408718829366401,0.1144339348960186,0
0.05609462055165472,0.09106503630184071,0
-0.028163513063846346,0.05565123910362035,0
0.0004546358091969266,0.16258020470208423,0
-0.01961094432892298,0.22462247268170518,0
0.034039529438506785,0.13730604203975524,0
0.058050095785490086,0.21851680677837018,0
0.07267473341563316,0.1997196287329563,0
0.023314539676440003,0.17203356143988346,0
0.029600193704085877,0.2390759517775503,0
0.030614430883057833,0.23448423944835667,0
0.1619093393627392,0.28336563068284826,0
0.09919451151630182,0.23351000970389063,0
0.2030711344343749,0.2997397809847625,0
0.07255151740787943,0.2752050206000868,0
0.06323616348651903,0.30063735457563545,0
0.021811089598237396,0.33977263080071946,0
0.10981433222200178,0.22210809019259026,0
0.07916422493825051,0.260274773494076,0
0.10740221636958779,0.33361798891952976,0
0.09649689628058723,0.3492117556782061,0
0.12285636296431304,0.34865354296208817,0
0.13004856468153156,0.3185840265445044,0
0.13038257643278717,0.27693125363272,0
0.10317079737462817,0.2603150890872653,0
0.1414535437903611,0.3115027309786817,0
0.07985842041431196,0.2545065711876004,0
0.0667385677322814,0.2441536626638535,0
0.04062621624758342,0.26532801326095407,0
0.09256460587942578,0.3651021317036126,0
0.0637321963845418,0.31697077372354154,0
0.03337583955177739,0.26686254394731423,0
0.028178223907722698,0.2620534971427902,0
0.12238663638024164,0.3162311178595947,0
0.10399644994287718,0.34003324217426856,0
0.06529028089994096,0.32838736925936557,0
0.08136057940175682,0.3421514544207315,0
0.08103618706502713,0.3760107451259146,0
0.14903173258264993,0.34775299836341156,0
0.08415314119558376,0.4081249881373649,0
0.1592189986170213,0.46082424468562555,0
0.12729607878136803,0.42187727171398554,0
0.1259327169259836,0.5141741071976986,0
0.18804232839183407,0.4287381411947042,0
0.1701232694067038,0.35561865957305727,0
0.1887607673117018,0.4209306920614535,0
0.22667366243667036,0.3955947951272348,0
0.19877208709237168,0.4251851333861803,0
0.1896001552076437,0.3703665357596424,0
0.2015621592600426,0.3430937633118255,0
0.23290205413522017,0.31590003215470136,0
0.28450896610529053,0.33630420726148086,0
0.22016684854030796,0.36921030830493246,0
0.21965115389209505,0.4040165116360291,0
0.16969058541070267,0.3333802863830071,0
0.2566020282524878,0.3852284747176734,0
0.26328681553960676,0.31256857663571447,0
0.22160338815188502,0.39522711706541824,0
0.17461052761590293,0.4236519598113525,0
0.17813270631734754,0.4650885778844477,0
0.22511716575220767,0.4155547805531974,0
0.1763372735314669,0.4629648232094831,0
0.38702722771886894,0.41505569598252645,0
0.17056190301078028,0.4304209784619326,0
0.2891260574735883,0.4220552841949199,0
0.2753884147217623,0.4303600716090365,0
0.26460214631618767,0.3413798384687442,0
0.19229329637818818,0.3021775618649747,0
0.2058403178312933,0.39642060365747867,0
0.20901910453591246,0.39584049275965577,0
0.14956052649522542,0.43007809117593393,0
0.10867868874563588,0.46477174040549984,0
0.1021630485029443,0.41214693344243075,0
0.1241582500244717,0.39653492599496687,0
0.06733048871849517,0.4675667806090216,0
0.12960347782200596,0.49277453035243346,0
-0.008030281030557723,0.4773582853028371,0
0.0843740683381211,0.37131098311631966,0
0.055428983379265565,0.32848334162423964,0
0.1161261343540631,0.35090594276379133,0
0.127110561837322,0.3385440139321298,0
0.06491353992331053,0.35920483003582004,0
0.1354538791271172,0.3494309461099576,0
0.1354285065380793,0.35040075415867933,0
0.20323485421476178,0.3066485411499322,0
0.2811046417383151,0.3300983980996104,0
0.24660947790205043,0.3821774992693937,0
0.19380093233516987,0.2535089926902918,0
0.23859295341839917,0.2846143730716967,0
0.20652662127031884,0.22727831446278235,0
0.15523141445897062,0.1640691527874274,0
0.09504463134607437,0.1918637626741398,0
0.0665245815057714,0.32989466542678364,0
0.13138102226061193,0.2774507707452676,0
0.07889118303332779,0.2658533608758437,0
0.1271205766215529,0.315171256030666,0
0.015205382394707076,0.29952093302014066,0
0.11312664059879192,0.3306154012110538,0
0.0694658764895382,0.3971581172217173,0
0.09916150497160117,0.2705535152066679,0
0.012462261569470112,0.35044969747019733,0
-0.007282613434473902,0.293549748180258,0
0.017495276160264903,0.300029155453285,0
-0.038309856880311674,0.3214615550011189,0
0.030288649911200588,0.29197511351182853,0
0.030521665820630123,0.26555073819902253,0
-0.06203112336375981,0.30585373398863963,0
-0.13194454376129194,0.3532246983450695,0
-0.22635339530408813,0.339409771692519,0
-0.07755550738391762,0.4595197719907043,0
-0.10634511290573391,0.47990397781317645,0
-0.036757482123330826,0.4801252010915028,0
-0.11381700080881191,0.481833282306909,0
-0.10199373431071128,0.47099362297351755,0
-0.0470778953762614,0.5230129825957784,0
-0.0007592864020048579,0.40371559194385925,0
0.07437688838688575,0.4495793689322664,0
0.09498382249737544,0.3616841145246996,0
0.0012687464708120433,0.38570477577488294,0
-0.011699533302833682,0.42342519132821377,0
-0.04422239964493138,0.49611101982490136,0
0.04043419280313214,0.41939091684093033,0
0.017479489812692355,0.43560826411927495,0
0.03282981362354595,0.3571650757339512,0
0.0003017002686983225,0.3341384053895072,0
-0.026348637373317014,0.43064984645688714,0
0.007567645564555341,0.4049882415802009,0
-0.03340024624068601,0.3742126904157548,0
-0.10833449911242987,0.44176213536964104,0
-0.09380819485834933,0.3964686134103041,0
0.01988396248058577,0.38153303154081986,0
-0.03676286741430292,0.3318297086562442,0
-0.0023674430380301176,0.3161843008315706,0
-0.008046599403135932,0.40794139053085143,0
-0.011354472087312932,0.44979915877235954,0
-0.046632040071148684,0.4443058647679457,0
-0.03677005364841297,0.44002716963075034,0
-0.10348317968058307,0.474537233421183,0
-0.07209551991714772,0.48559920176738236,0
0.034024354564782464,0.4935910694463445,0
-0.01172406037123496,0.5630365253821613,0
0.03043879722083752,0.5090133790361063,0
-0.04546764874933697,0.49946931722890375,0
-0.05554630523471096,0.4832563868024532,0
-0.03926649342655323,0.4688281486032233,0
-0.07379197197198976,0.3131619763574691,0
0.007476964162749927,0.4508265423759129,0
0.018658184880018615,0.40751957266626615,0
0.22778196485835023,0.4686946313876768,0
0.13071585777967043,0.4176501883608158,0
0.13226477943075787,0.4751632540146767,0
0.022666231075443882,0.3920900094590909,0
0.1746381651022862,0.3527390005854371,0
0.0927185971460783,0.3617730887453825,0
0.043396396762776256,0.41326300538284744,0
0.09131113627775032,0.3862393642715939,0
0.09891688266261163,0.46943934158433853,0
0.05063727384383739,0.4258729783009036,0
0.08192919869807168,0.4690445372101203,0
0.10016850795454145,0.37011837696327676,0
0.07567344697386783,0.3226428205463612,0
0.13312600496217947,0.3335200056629422,0
0.1658742147610856,0.36144023085712057,0
0.14329011098677846,0.449105813487866,0
0.1746543255895865,0.3956225949773897,0
0.124283265795819,0.424324957128178,0
0.13834786700324495,0.33478460869510407,0
0.17020221168817912,0.3002386259722782,0
0.21881084606754642,0.29222895577780733,0
0.1068000545524369,0.28038285670206947,0
0.06742458502904976,0.2929577282683558,0
0.1216789583856813,0.34052586065183477,0
0.16558013657542375,0.37659276406144604,0
0.030816604222390298,0.43939391673250966,0
0.16143591896021237,0.4602786401054176,0
0.050369096513930414,0.4752897674463783,0
0.14207190295538075,0.35388307008578435,0
0.18449455365736264,0.37607259074476984,0
0.1463375911168337,0.42384816001516035,0
0.1341017188159166,0.3879187942581837,0
0.13807590220452598,0.33783578415323956,0
0.12795841428001814,0.3680844756333086,0
0.13750870962630765,0.28005009027000227,0
0.11443644655373213,0.34990179365664553,0
0.12439740738177886,0.3755467040058835,0
0.16142617197989723,0.3443842144781253,0
0.07906477595183863,0.3564342126872399,0
0.15746677090477693,0.2501440714421738,0
0.1529444491504266,0.28847608599211483,0
0.118218694437979,0.33712863703744955,0
0.1601606717029389,0.3372021804657649,0
0.14271910879985816,0.3023833060120625,0
0.12256752387584313,0.41513617329231933,0
0.09420914020672122,0.4923036310259694,0
0.11727749119438577,0.43002131133981375,0
0.05406165233326092,0.4008982477470501,0
0.05409499059897488,0.375647176912799,0
0.1341009995377272,0.3080943020246697,0
0.11990858212828516,0.3436670145916368,0
0.16514074682078436,0.3971090789449823,0
0.19659675767928753,0.3981517973936391,0
0.2273373325374315,0.4364823405158857,0
0.15582364773415536,0.40974416054799356,0
0.22866667604640523,0.4924480233920847,0
0.19083880776648238,0.47157211383497094,0
0.1735360913996418,0.437454718061272,0
0.10926153981313375,0.4640766742522064,0
0.048782940939726745,0.4287846421381472,0
0.05374564404011665,0.4256673868926102,0
0.05864921457654478,0.43552489896218144,0
0.06541943178687737,0.4340998867576538,0
0.16408320106797886,0.4320342751727464,0
0.12902941644340443,0.4537040218603533,0
0.168242069467644,0.31885060407643934,0
0.13719753530217868,0.3174086942817442,0
0.18590761273610276,0.30376882657761584,0
0.21348984513841346,0.3479312987467651,0
0.1624428869961764,0.2361137184439153,0
0.11427769858237896,0.3049681477498426,0
0.17699791928110878,0.33153166867100015,0
0.15936465136739203,0.4243127468016984,0
0.05372897706357106,0.4226349534012112,0
0.1329016070341527,0.362734757675819,0
0.14349210106717028,0.3177868405134025,0
0.1389625963680602,0.37827395359383365,0
0.08149557333726336,0.42542764033990754,0
0.11616860345715645,0.38461406566874545,0
0.1256193831359867,0.31853763605904706,0
0.12080393591476195,0.40174809625300145,0
0.1236296608799155,0.3579381889810088,0
0.1647736406765679,0.31098940923441204,0
0.1480020697299232,0.399223243961759,0
0.21678088302567367,0.4179745410836537,0
0.1731473361403606,0.38826463002234557,0
0.08293480527112386,0.4251902814360378,0
0.14519105018009265,0.42713711330649773,0
0.13940725971280926,0.4608470494990875,0
0.07936815748070872,0.3599650895708688,0
0.16566419790124215,0.41300506682099136,0
0.12051349073894002,0.26269834233618383,0
0.2389933572280249,0.28660735166204976,0
0.2770439734559409,0.40578604670444696,0
0.20588648644463386,0.3796855068770978,0
0.19109994371011205,0.4018756749364312,0
0.16689024953217863,0.427180684139685,0
0.18268113577070003,0.3299089841388502,0
0.3171153593031718,0.331036584963821,0
0.28665327772370425,0.33477761684010254,0
0.37608294033070905,0.39672248906631097,0
0.468017420830376,0.4180701739741637,0
0.35028240537732186,0.348215893236872,0
0.41628146642219266,0.4306981556829742,0
0.23745934473963606,0.42247071481740545,0
0.31355091647627786,0.39767487044583427,0
0.19921653243126386,0.34460126459591045,0
0.2480469597220272,0.3775207266996448,0
0.2504007618992013,0.3914689364680077,0
0.25717013822075036,0.3442400016033643,0
0.25226119819029896,0.42008536595483936,0
0.21039588686236252,0.4420826682135874,0
0.15364676897377078,0.5101010936796478,0
0.21404803721012158,0.4084542747650283,0
0.2915502623208581,0.3142589937627165,0
0.21346873169930486,0.3304274938768041,0
0.24994955369801103,0.3392087097108981,0
0.2270297486286681,0.22108236082230198,0
0.238850184454451,0.31678489613707106,0
0.15719454465158944,0.3147325623778387,0
0.22034717768548345,0.29977352571616334,0
0.08899941914772988,0.23840049868599855,0
0.13365453013610257,0.26513446969027055,0
0.15022923748250427,0.22345383051198675,0
0.17582849354122965,0.2805044687114908,0
0.14998693608652774,0.22914207700781625,0
0.15698735164971653,0.2887326295863232,0
0.13922758920157002,0.2794503294226257,0
0.1843254076790692,0.2784610541164268,0
0.1473100044401823,0.23295948739019684,0
0.12802471713546307,0.31985369998604324,0
0.07042890115423103,0.2985436448681965,0
0.12200173414410678,0.2336299024863569,0
0.053679320466531885,0.27072764737734933,0
0.14364627290049145,0.27985178291726676,0
0.15823643466258597,0.24569021637781766,0
0.17808516486777856,0.3369375436319747,0
0.11844390342974737,0.4498945285660366,0
0.1611567478028304,0.2546750310024005,0
0.18146636709223235,0.28634371883285137,0
0.15786241281317448,0.35596827794971087,0
0.06326888888641885,0.3353882149471856,0
0.12064967503875255,0.3105775045141841,0
0.11914167362263271,0.33469319846659573,0
0.11985279875978531,0.2515894219197682,0
0.1901360956766533,0.3130240226297198,0
0.19846106958931728,0.3516389860716293,0
0.1539217798418629,0.334257446120384,0
0.1919355890807097,0.26761752403711675,0
0.15837699793466392,0.2569190206157767,0
0.14018144687964407,0.2223309747557553,0
0.10297667237561059,0.2854232376289584,0
0.07225423614471868,0.2160906301975546,0
0.12341362218428822,0.2835762209168125,0
0.1275452521772883,0.26104813931260284,0
0.08459913494217372,0.20835968344796021,0
0.011572717204563154,0.1522586139749797,0
0.004340397545816698,0.24448930826713441,0
-0.0031477882266668852,0.20428286093293996,0
0.06719762758510398,0.28747588151889386,0
0.06901526601702318,0.18461244916544056,0
0.0775176212961528,0.23341507780045156,0
0.18090507855910581,0.34181322084951854,0
0.1408034623609957,0.3404464906997399,0
0.09289669606002313,0.3208738159305435,0
0.016191785034937484,0.23550084963690676,0
-0.004573490118313452,0.1919405943550364,0
-0.02478152262413422,0.2649203375816685,0
0.022289570286800228,0.1970616278819172,0
0.06364932062688547,0.2667336930674551,0
0.11736697581223224,0.21724289930555551,0
0.08760008742680139,0.20010897105703668,0
0.15054119411272104,0.2596073413406188,0
0.18329893150040977,0.2773012448697817,0
0.15927190106554365,0.3335470334408306,0
0.19764926292135368,0.3447164252219103,0
0.2856494281076832,0.4154765604047144,0
0.2896022233344722,0.2774005545283226,0
0.2298928923747487,0.41337864153161674,0
0.21991641614281066,0.3594416546235907,0
0.1916186973335571,0.36440777475658037,0
0.1685785353956631,0.16557575707824518,0
0.20233475808623272,0.1682203729163353,0
0.16152311805902228,0.2283694294647241,0
0.034766636863384076,0.2612575309101206,0
0.03806996840717588,0.1932739596279674,0
0.06477679723580067,0.13166861168620475,0
0.06119473767530779,0.20053334139884674,0
0.1445410953886701,0.17120875675764258,0
0.03175212158047541,0.16844229939198263,0
0.05984178757397732,0.16192477741331604,0
0.014937206578758737,0.1644657897480705,0
0.10778970760982343,0.25781409740488753,0
0.12054843976147507,0.22641750865815555,0
0.10447939617093563,0.2630382387116769,0
0.058373648391629035,0.2836557178038844,0
0.0826029219478175,0.21943815694708968,0
0.13371457900880446,0.2183209623864666,0
0.038189924271969336,0.19186186821762313,0
0.10931614628762347,0.19103734550481324,0
0.08979965485626072,0.369402333401204,0
0.11914862499660629,0.3115271332110187,0
0.12250598897557588,0.3065689936022128,0
0.16143184967135457,0.2869403588003724,0
0.1847900099794008,0.2726959771948852,0
0.1460788650758596,0.3465438980934601,0
0.2512823591223041,0.2708319049628892,0
0.28488277939636325,0.2505735611482656,0
0.2263375627308406,0.19946198273186766,0
0.17157215573086892,0.2013262880328136,0
0.23641430950392495,0.25617863892220444,0
0.2679306759131545,0.3184896606969699,0
0.2006141809035415,0.23576807439175598,0
0.22895855457863687,0.3472306189332862,0
0.2454184562532447,0.2624291381510596,0
0.17201962963413914,0.30732910395207835,0
0.2757788933808661,0.29655464745311483,0
0.25476798289629443,0.30471786269431606,0
0.3258542299088226,0.25925578658391113,0
0.4553990294650261,0.283935852532843,0
0.3135655074209739,0.30835482289519595,0
0.21776423055240846,0.2731927097431505,0
0.2688747483685033,0.2719695652362511,0
0.27076577000244967,0.2561623704488308,0
0.3994284279032271,0.28553693608210284,0
0.3185945959149421,0.3058953149387766,0
0.42147804627039115,0.3536313115676446,0
0.3373290057208815,0.4275160271104572,0
0.3195772268577508,0.3974392193183123,0
0.33693020109298855,0.47045694043585207,0
0.3346457928701415,0.3770955260949964,0
0.35424904127903634,0.4345992363946012,0
0.26374456486258047,0.33627905374827355,0
0.2491282166558842,0.41758968191511536,0
0.3162359516540833,0.2844476301181581,0
0.3018765383919094,0.17939754567452984,0
0.27824639909900567,0.2875409771562747,0
0.2787918527585181,0.30117346175190784,0
0.28768447891287535,0.34149115111520506,0
0.30620037343493295,0.34289296845737777,0
0.3108576542637995,0.26153846071340836,0
0.2380502586536159,0.21692786385364066,0
0.26725418986255506,0.2008437818294243,0
0.22614392032406144,0.19500081200104302,0
0.263743937527083,0.17285877429850025,0
0.259078380542008,0.1357632863451551,0
0.3376467917744751,0.18670906838892123,0
0.31752611672090286,0.16883599570549865,0
0.29777435374755284,0.2089937124195486,0
0.25841735173061164,0.1422780465399413,0
0.30953663912043217,0.1211426528838738,0
0.23098759889249607,0.1459029426972732,0
0.3075602869116578,0.3096334475382003,0
0.29202698868589494,0.15679830081945648,0
0.3058601051471475,0.21227108652619522,0
0.16573784766859537,0.26352071817366185,0
0.2975335157421284,0.13522078342241617,0
0.3793398048531371,0.20149098459475645,0
0.33397240216931295,0.12029268006571435,0
0.26800022102938353,0.13706528397356077,0
0.26854860740553416,0.15277204364194252,0
0.21104525667238924,0.26883587988179086,0
0.2643497991606847,0.19620293388427895,0
0.1929176521676274,0.35884413638129065,0
0.1970563744374191,0.32982109854130587,0
0.23834050503378862,0.3958490772720623,0
0.34748706917817823,0.5050992398290887,0
0.35830972720198734,0.4573882426851021,0
0.31347596528325294,0.3742084753005159,0
0.3555446453539004,0.36601419728272705,0
0.26189262130115887,0.5197106420163748,0
0.29095227803123364,0.36376392518466993,0
0.22735485715544182,0.4570493904048335,0
0.2827226434582436,0.29914142971011676,0
0.32214681936904094,0.2642868712604976,0
0.3609884150623944,0.34964287120459014,0
0.3029561973224616,0.21832675910333021,0
0.31226293627081975,0.29448488244049803,0
0.3464438798254535,0.334955611876,0
0.334596098296746,0.29591958962943943,0
0.27667015251536914,0.3625531929489342,0
0.23637689045713633,0.3542607335544357,0
0.22423234980035697,0.37151704381756157,0
0.3238088958181753,0.3106621622194131,0
0.397089462474449,0.2702414974491045,0
0.3619282572317305,0.22876689892848956,0
0.2813411018316794,0.12679826818228673,0
0.2913475973211147,0.13202344750307882,0
0.3215435427380886,0.09858736846724601,0
0.35288364609481665,0.17467614616987032,0
0.35322683173669617,0.1144264754842644,0
0.3075945923176208,0.14979001824313246,0
0.27235487971478667,0.16134644004446907,0
0.20177081339216474,0.198857516729403,0
0.3268631761395996,0.19113532454798526,0
0.31727458985317,0.24153030568132117,0
0.2710541141790638,0.2955339569374386,0
0.3025170518510007,0.2127712097064643,0
0.22185798285846556,0.21512818340276765,0
0.2539522707938645,0.24273133005817266,0
0.22821436611880286,0.18962786575892387,0
0.22633374629549466,0.19208421065876585,0
0.15639257186408095,0.14953494212010435,0
0.12156311991463621,0.25867176349241705,0
0.27694390942472824,0.2549839919497487,0
0.22613563422946997,0.2136594770113913,0
0.26835385224235353,0.1702780132369213,0
0.23789507915555438,0.20694984580755593,0
0.1991518016193306,0.18764783117919948,0
0.133231104500714,0.27905108006543816,0
0.12375280769013834,0.17501240204194113,0
0.1072482103462599,0.2649734670523881,0
0.1657287691186039,0.25594858051987124,0
0.25272763042397517,0.2562783934991854,0
0.19469474400394102,0.306868175745702,0
0.18699910954641052,0.32706393259183725,0
0.2548476907280074,0.16144940072735975,0
0.21570965935287822,0.32101612173440575,0
0.16549907696304134,0.3667120409190438,0
0.14713071186745547,0.25380352048751414,0
0.15021922321435288,0.34762746154722585,0
0.12580678266114692,0.3457989526881463,0
0.1993954533201959,0.3330750436629384,0
0.12069415212351296,0.3832593675716262,0
0.05856168128672558,0.3379624748042904,0
0.030579109370784646,0.3076806435529365,0
0.0027347484361582644,0.2605009098801702,0
0.048780389126832975,0.22304882532530917,0
0.044498052860458936,0.3506980882362887,0
0.21389443857008494,0.31182120401369945,0
0.08287138773852723,0.30829609260077956,0
-0.00022485273617109391,0.21309007276601571,0
0.09438480181397337,0.1980834027037705,0
0.08098267558903763,0.29341016681458226,0
0.11835969796791006,0.3694552060413557,0
0.07945699633143768,0.28662504692928653,0
0.06144176756015113,0.32373175514690233,0
0.1298353466009449,0.39016742146230055,0
0.13513624926913698,0.3961236375088509,0
0.12457234100986883,0.3974597268799215,0
0.18494697721752534,0.325161312462363,0
0.06391314517950794,0.3328658791822244,0
0.0708939691498969,0.30496069175474894,0
0.3039001317652683,0.21635546796995897,0
0.25623342250189757,0.2991372418893322,0
0.2543328051924421,0.26392103637507625,0
0.2694631056312506,0.2442962261380194,0
0.2305605882508832,0.322284626231161,0
0.31480284961984933,0.2949313811541737,0
0.32095977210275317,0.3753646451771894,0
0.1735019393379478,0.16218976181037256,0
0.2742721663072423,0.2583635872447637,0
0.2291188599630409,0.33782994962763213,0
0.3136538432732834,0.4032557414861228,0
0.26879612156253463,0.3230532363255917,0
0.2703407291579337,0.3502875059097149,0
0.16088026235215847,0.4129142385761877,0
0.17501247595583566,0.43479787993938357,0
0.1346484002945288,0.4087194855154473,0
0.08947721357167948,0.4059086381202338,0
0.1842298180729917,0.3951135506581148,0
0.14042592606825152,0.4542149624730041,0
0.05268502664541304,0.5198667756427189,0
0.08945232734742818,0.45137698550888783,0
0.14474917979523222,0.3945747739617783,0
0.0449859880063104,0.3646309455994741,0
0.21607259555048797,0.37317945097257404,0
0.16118671789657973,0.3229639475757869,0
0.06328132222181741,0.3512182374048664,0
0.13179914227709724,0.30782878542988473,0
0.18254755481862023,0.26607934249648196,0
0.17368306298314037,0.3524346434245207,0
0.06894865130781103,0.37089403096111956,0
0.12417236438826293,0.39958581461604004,0
0.10339131731525368,0.36009564853774223,0
0.13067410602537133,0.43872880176957707,0
0.22151498940787773,0.4221808142289315,0
0.22192216591862246,0.4564195788604354,0
0.14862786845733506,0.5012802505650853,0
0.24387254516633358,0.5081846890552894,0
0.2318922087738636,0.5221699801474833,0
0.2331548283608575,0.5033106615871835,0
0.2788740298101394,0.49321980170188473,0
0.2972355647856581,0.4447713379939002,0
0.3518980158796472,0.4131853378220045,0
0.28777728688476756,0.48941387741419917,0
0.4106456108553812,0.45730925529611166,0
0.3586836234897491,0.5819007358482895,0
0.3095882312711097,0.5798732987859266,0
0.32981330262278596,0.48873862630442105,0
0.37347242080216153,0.5100343362711851,0
0.2978264134665089,0.440602359816186,0
0.3659811469525951,0.5243197115057464,0
0.40183069834930024,0.4969263209291125,0
0.3391078308596269,0.4682819238529649,0
0.3137406137673591,0.41013850089152326,0
0.322948557080441,0.39311975805744104,0
0.47028654013686677,0.3594560736909935,0
0.45500383777168657,0.5526815064358088,0
0.3738038865853474,0.4330519377222961,0
0.4265180811482667,0.46636626695192807,0
0.43166926208616907,0.4876568055610114,0
0.3924691303564803,0.3981245897328914,0
0.38649031481247265,0.42178690818347386,0
0.3462199666776332,0.4238985624184838,0
0.3008468289532253,0.43802368053231505,0
0.33047080895405445,0.5279665134067278,0
0.3469530628969206,0.5125622742692577,0
0.44382261780866994,0.5226169231859203,0
0.3358731166450628,0.4223374324748537,0
0.3154413912299072,0.5299799408510448,0
0.29604038669259664,0.5802936006837645,0
0.2650877742922292,0.5457242135799377,0
0.33588833810171437,0.4704736695835832,0
0.3230755228778551,0.5626301588921312,0
0.3739139588660216,0.3854190409838103,0
0.42896828338459003,0.4961175262385811,0
0.33937009204335955,0.526454284433836,0
0.3983784577921913,0.47781942706803443,0
0.35902603800282673,0.5579412397539447,0
0.25305628783870326,0.4360023032931364,0
0.24644287352103378,0.368355035497098,0
0.28757288289832805,0.43999616580914125,0
0.37821874785385495,0.40162614248287837,0
0.30194509574111483,0.3643916728915616,0
0.26629018656880243,0.4740944666958654,0
0.12430697789684256,0.4893931050980712,0
0.25066208124553246,0.5041425036821976,0
0.23630038388910868,0.4612469614186154,0
0.23824152260758805,0.48673376929818574,0
0.21106059014603984,0.4903005149023976,0
0.23327231761365808,0.49742564767509956,0
0.2660109103541908,0.4795158876183644,0
0.254958295116989,0.5458867399911294,0
0.2485087767554078,0.5041522102023154,0
0.20024508851203685,0.5002731721453326,0
0.22259748688927744,0.5055338257431917,0
0.23844620686898443,0.533531686425287,0
0.30906301992388874,0.5252095800427933,0
0.1869872012859941,0.5617095496037613,0
0.3313488959073757,0.40945245257102725,0
0.38773152711580366,0.5015625268856825,0
0.30813355613367216,0.5040840566663489,0
0.3235949604346775,0.4598154590772691,0
0.2590840330835062,0.5016944819662286,0
0.23433815363822966,0.48806365981533084,0
0.18618311360008694,0.520734315789222,0
0.1811442684685986,0.4767264228258906,0
0.1941951965412433,0.5539039075497112,0
0.279447363139959,0.5581340351795343,0
0.358322227751521,0.5443382008449992,0
0.3734546445905775,0.4634536049359359,0
0.36374189853191935,0.5375073029576303,0
0.24470411618895632,0.4941604509426963,0
0.3924689392558217,0.5615637470537916,0
0.25628376976483136,0.5243886884260793,0
0.22262471074409831,0.4965454191020439,0
0.22725520634857838,0.46816780193948226,0
0.2725887805138918,0.4880422801557127,0
0.22071811013900974,0.4892646976028812,0
0.13742286095792627,0.4651190427357617,0
0.08919932046705831,0.4617629402430173,0
0.06258049996038852,0.5076596619158781,0
0.039639269711124206,0.4357845413619166,0
0.038836264573629035,0.5499827411667639,0
0.08840864578676877,0.6577910504900193,0
0.11623958127890525,0.6104446602908619,0
0.06138578198720359,0.48201127841026004,0
0.08612818141857648,0.559712888493321,0
0.12048092075145361,0.636335552189667,0
0.14229686215191445,0.6499137858851197,0
0.07874240571279643,0.5971167690943302,0
0.13091074129014024,0.6454931514089215,0
0.1193134698832301,0.5278177907721019,0
0.19305502181635284,0.5101634254941066,0
0.24362823143214674,0.5575437192569226,0
0.2895233487966862,0.5682262364057038,0
0.2813354679240915,0.6623544813270742,0
0.22143248330832282,0.6137046429273427,0
0.22304271828867284,0.6368002835490948,0
0.21170620319235314,0.6476917337044382,0
0.2837280351331083,0.6041148912494541,0
0.2742216797237971,0.6102180548671544,0
0.3079983750443274,0.5413397718130037,0
0.3440099144358596,0.5780375208239664,0
0.3782917017905186,0.5936275379695579,0
0.3234699099475608,0.5822789632298534,0
0.2762275012874411,0.5754564171818779,0
0.2968346137043994,0.5859723110954512,0
0.24559191021166998,0.6029316446339535,0
0.35112006672310625,0.6590548057161777,0
0.4181073366171532,0.6302982696752283,0
0.4092337026126791,0.7524929869146617,1
0.40132928512660676,0.7175294704292793,1
0.41367597462454314,0.7116445533653691,1
0.3730778793658106,0.7319786096187157,0
0.4131399174130048,0.7207148608655446,1
0.40530734206045427,0.7436254474624953,1
0.4046145693845575,0.7130672763575151,1
0.42217848463774904,0.7590740108630472,0
0.4399491520875423,0.7608142661609073,1
0.4813340188599307,0.7410743352713205,1
0.46137587675059044,0.7434235005379212,1
0.44865493089364983,0.7277190180033458,1
0.4074734386445746,0.7036365549266378,0
0.45031527067342314,0.7082893701452465,1
0.48113838719255697,0.6845478698286059,1
0.4450742731079726,0.7122456962305364,1
0.47170611822886604,0.7077514361960363,1
0.5185407384330206,0.6902079991417721,1
0.5024124857213759,0.7014698639821588,1
0.47032010906914723,0.6602891585157867,0
0.4218637008888797,0.70743489209709,0
0.4564095212498678,0.6660483891936213,1
0.4730432442710786,0.7166569728310985,1
0.47108692108816275,0.6742766307619827,1
0.43312654770403836,0.6970766254058984,1
0.41331169000687107,0.7084994730835243,1
0.4233553959965153,0.7308943191915718,0
0.41738266695799986,0.627114920715906,0
0.3762866296848143,0.7041231621494715,0
0.32830994801700253,0.725844830084851,0
0.37969348740383013,0.6807102758682904,0
0.33388758478130626,0.7520304169578583,1
0.31384298800153465,0.7805561700130407,0
0.3050295123383028,0.7723955335856556,1
0.3410198192577601,0.7680595709272166,1
0.38777462871241064,0.7411165926770359,1
0.3847795755386627,0.7760499255922154,1
0.4004634850437082,0.8113786582999374,0
0.38988285420801694,0.8877779709567349,0
0.3957881750460347,0.8778462228179689,1
0.350303004233397,0.8654299053405908,1
0.39594682810728093,0.847865399552449,1
0.3586389169174852,0.8420967253486994,1
0.396574034744283,0.8306729032976253,1
0.44531286140758297,0.8076844605824597,0
0.38596240005413124,0.8734863350228479,1
0.36859639709111924,0.8407079292486366,0
0.4765763743207746,0.846852876304252,1
0.4482776905916352,0.8734154260619346,0
0.4229559656162463,0.893727485648907,1
0.3939547086878377,0.8420056177684375,0
0.3748138993421913,0.897798019270297,1
0.3817978227060918,0.9041825953245842,1
0.3421965842672069,0.9194188015773579,1
0.333736720946115,0.8795280739203698,1
0.3073126005826229,0.8977475323565638,1
0.321413225981018,0.891272011406015,1
0.3058337861093733,0.897515650496008,1
0.32313256368797844,0.9105768400876666,1
0.29928872603367546,0.879192889342212,1
0.33705691740449667,0.8514695499017716,0
0.28267342117413585,0.8142097745436235,1
0.2799784984121657,0.8186105540386335,1
0.3200159633427436,0.8192272543795596,1
0.30623365741918435,0.7801726619500658,1
0.2810186132439374,0.8010476641865452,1
0.252674548379853,0.8005172045850228,0
0.3072327064071272,0.8512903823220664,1
0.3072427947818102,0.7955425150074626,0
0.3810391993234561,0.8665382987609352,1
0.41015186024920547,0.8642777716851241,1
0.3696385394646952,0.813099528953157,1
0.39551333175913295,0.8480036974517132,1
0.34216894496056516,0.8305431995409238,0
0.2895070910798558,0.789584715862924,1
0.2248518952846999,0.778650735768729,1
0.28114226188575253,0.8481454789329675,1
0.30420179792999236,0.8227726243324575,0
0.23762255260480325,0.7091062303585628,0
0.13948532196730887,0.7476424802663563,0
0.24431386944984373,0.6726541388331544,0
0.2556953510956912,0.7875691992005135,1
0.2565723242933431,0.8017835407439604,1
0.35116083117569785,0.8216388133230441,0
0.30582022772757117,0.8677970046598217,1
0.2981421652657181,0.8218699300770957,1
0.3089809583392606,0.8625561115654723,1
0.32573443825421744,0.84253006203262,1
0.33445027452130244,0.8288649430737718,1
0.3465508122552737,0.8260985483045568,1
0.37740355707881185,0.8436532583663595,1
0.3590185691462225,0.8638487758801718,1
0.3602306799579204,0.8397350527482538,1
0.3178917065853269,0.8803933473461792,0
0.43169998327562437,0.8839196031325371,1
0.39595276530903734,0.8526366064915526,1
0.3748679443270403,0.8747674266720534,1
0.4261295519674361,0.8468422376263248,1
0.39802933472463514,0.8707047873440158,1
0.40649260952329025,0.8568371924636962,1
0.40308654737876776,0.902585675092316,1
0.3846869921249879,0.9026917150820983,1
0.38813638386605104,0.8843608530521555,1
0.38445932737020266,0.9023225981338043,0
0.28159544832732236,0.9008824155640688,1
0.25217218215171305,0.8763670331047301,0
0.21565766660011632,0.9105552624806991,1
0.2817324508971788,0.90809621710321,1
0.25337523082315333,0.8915208482666677,0
0.29488228212026224,0.8486575476426828,1
0.28148103222056814,0.8673096006309284,1
0.2907461249645562,0.8445994835079413,1
0.24857990108147693,0.8922289912346704,1
0.27872603183030586,0.9075813627949203,0
0.28797003314784453,0.8479744640042717,1
0.298840790725643,0.8595618112250992,1
0.2896504429098315,0.87871807964601,1
0.2975377882659581,0.8507886576055852,1
0.29790947533457923,0.8842627939472759,1
0.3085735843185958,0.8903745995749777,1
0.29173027756105996,0.9186571409329076,1
0.3279604148537172,0.9331687713487097,1
0.32624628196076716,0.9000509098056559,1
0.3217910743596194,0.8615237789682569,1
0.37129642447769723,0.8550328738883619,1
0.35186994927238713,0.868445738351782,1
0.37388003908372974,0.8303995115865017,1
0.3640703811462325,0.7893707996979284,1
0.3778123358398561,0.8219942427793367,1
0.39195610394279623,0.8013829773676036,1
0.3646954392419167,0.7882039682514216,1
0.35511783560372717,0.8209564691029931,1
0.3201935143708989,0.8164097066483829,1
0.3602179515473969,0.8375426694234419,0
0.2791522777483166,0.6733455242033006,0
0.29102337944012724,0.803470928929146,1
0.29008713212436255,0.7945691912499864,1
0.27513422888751327,0.7907632167148436,1
0.28610822448367396,0.7836930009502814,1
0.2538266974528135,0.7908080678495664,1
0.2631884604809142,0.800402294015203,0
0.29086842607636093,0.8914371951100079,1
0.2569598596370496,0.8764529349677309,1
0.2880420108841045,0.8955299764245139,1
0.24735936363802577,0.8721361040250689,1
0.24736219794193784,0.8619098167589699,1
0.2465487740621904,0.8550496448507015,1
0.25657007306590257,0.871675441033888,1
0.2728733457236717,0.8742230747042907,1
0.22124942845839257,0.8942689041661885,1
0.28580995337925097,0.8380635006417327,1
0.25819604962640846,0.8348321810840368,1
0.22238447332452743,0.8170863370527739,0
0.25204864888901723,0.9049272809899304,1
0.30862284740820173,0.917812195397903,1
0.2808602917648527,0.9447588846149926,0
0.23398461428455997,0.7928556431801768,1
0.2656525824184983,0.8180012796729309,1
0.21466083881882045,0.802447400286268,0
0.21067627913620812,0.8365055615773154,1
0.22336090970306385,0.8290901183244102,0
0.21351857150997872,0.848788702670382,1
0.17489516832368915,0.8136859982141421,1
0.204787745367656,0.8095541868061469,1
0.1823759849247235,0.8689261861756543,0
0.12434148249264199,0.8200685778994214,0
0.11225882439485119,0.8854731483276358,1
0.12035206704819197,0.8344371934978284,1
0.16728785966857307,0.8862939163405307,0
0.17455446607079145,0.8371993534688561,1
0.14189423474082083,0.8085029167038502,1
0.18093894576456215,0.8438632618110458,1
0.1647250536830635,0.8534138438272415,0
0.08363591507966754,0.8418369548830369,1
0.12131637980927275,0.8664706663537498,0
0.16683586467629796,0.9436846238924487,1
0.1701690539386973,0.9398338751088154,1
0.09321723908673113,0.9406884060614907,1
0.11312489409586383,0.886138816648038,1
0.14978265259469664,0.8759933854893195,1
0.1255233710898811,0.8767792505628483,1
0.09079728586474853,0.881143098717877,1
0.10942476893737225,0.8218306345631846,1
0.11041937604508616,0.8440300842663622,0
0.023274181341464667,0.8966338082956654,1
0.05012191783383653,0.8706310631027008,0
0.06066950824005217,0.9398858793134044,1
0.08416801939611618,0.932637685447418,1
0.06421998172701869,0.9517600061106227,0
0.11324896270836436,0.9537912540936706,1
0.09398265091398368,0.9279357387894254,1
0.12088905724765199,0.9791694051337841,0
0.03896851843196923,0.9149597605194679,1
0.046089191867579184,0.9039440884842433,1
0.004687888938027844,0.9081645807488081,1
0.027286523387407502,0.9174977985214259,1
0.024071743632265784,0.9483802501972913,1
0.03018188994425755,0.919504376428896,1
0.03496120047217838,0.927772204349993,1
0.028825742164049702,0.929741174932081,1
0.019378702798994417,0.8939285525764241,1
0.014257062090000253,0.8782677881322681,0
0.11110393467318781,0.9157986606042824,0
-0.06797772758330146,0.9726242440814664,1
-0.0376354693065703,0.9546752222134192,0
-0.0026102696935328545,0.9655023525420567,1
-0.028128679662113087,0.9310550063129656,1
-0.031437172494574256,0.9066980947037236,0
-0.11053890169562934,0.9560361912403431,1
-0.07982875286002945,0.9651805728683646,1
-0.10122616045835806,0.9487790567389822,1
-0.06495430027011487,0.8950492273844227,1
-0.0861877430808659,0.8923486387928735,0
-0.07274136302088238,0.8487765162851811,1
-0.0851296253652487,0.8598095842314262,1
-0.08829159415072808,0.8855538213951666,1
-0.0707405443485181,0.8846251626592765,1
-0.045594389642001035,0.857184273335944,0
-0.011402963299199265,0.7996224282417466,0
-0.03765755558207627,0.8488139973277559,1
-0.024413747714987423,0.833570412292272,1
-0.029440884866015565,0.8607693093634579,1
-0.000641772051961257,0.8555369575776195,1
-0.002224240321701044,0.8793116253196657,1
-0.01810281298190559,0.8493003220109796,1
0.014835994863508808,0.8966379444104324,0
0.0181180819466596,0.8305625925707342,1
0.011003808487232872,0.8426407107692533,1
-0.016340048527798003,0.8447607061294046,1
0.019798089703732952,0.831818844922766,0
0.035255550317949524,0.8399098618300271,1
0.057731163171089735,0.8488876017838903,1
0.048034427637873765,0.8115285862797361,1
0.036483679357066034,0.8060930856487971,1
0.02506020110066272,0.8146238505515624,0
-0.010016753926861154,0.8862105140811661,1
-0.0031526676956061305,0.904550879675037,0
0.08596228680253593,0.9303975767933037,1
0.03755911298899982,0.8900490636037433,1
0.07960025332714249,0.8950133107106957,1
0.08050916877300071,0.8744620155000415,0
0.1522103173170317,0.9613378865169644,1
0.1275026190089828,0.9763678992914021,1
0.1455550168258812,0.9702929209997423,1
0.15170202404663907,0.9700429606444833,1
0.11504236938199994,0.955879585750812,1
0.13231833963008122,0.9585361729959099,1
0.12375257175542109,0.9543454010790932,1
0.16524588583590977,0.9706833148450124,1
0.130613752534956,0.9466638305383843,1
0.13914797544586394,0.9414356084456483,1
0.08900821064101792,0.9449830303314383,1
0.04136941079909022,0.897706971766237,1
0.07405808211227158,0.9022162417686364,1
0.0662892209497452,0.899277642392913,1
0.11133757220777779,0.9239228424825449,1
0.11141295769356754,0.8743726298575961,1
0.06681170955809809,0.8833968053199477,1
0.033793288963741404,0.9198919800989561,1
0.03723701275213628,0.9023976861525617,0
0.10717152209977562,0.8196030225453436,1
0.13245089958949466,0.8855549206011223,1
0.1303837826185335,0.8411825201892367,1
0.10055601771652742,0.8231081147214482,1
0.10114186369868447,0.8073101806799085,1
0.13381209742490432,0.8313864204020789,1
0.1364455371430293,0.8621929222164623,0
0.08493311511659746,0.8478699073458498,1
0.060040642179603976,0.8720248714460062,0
0.0279280389011385,0.8748008870230154,1
0.031236686020739084,0.9013877960789873,1
0.06046781009603887,0.9434697685792615,1
0.05923304473524181,0.9441669519693386,1
0.04690010547225719,0.924567438924676,1
0.08867824282667842,0.9269683557012836,1
0.08179391899045194,0.9837883270618935,1
0.06605402853101684,0.9508293086246782,1
0.07855571843324415,0.9502645383094575,0
0.14507947961922946,0.8705506049294847,1
0.11116418623486762,0.8757709994067638,1
0.07774967291174256,0.8337633687479821,1
0.11833622252545234,0.8417529868266522,1
0.11010806754512015,0.8509608948976283,0
0.1724024765668657,0.8180865453874991,1
0.16286745936074026,0.8719426795422601,1
0.1429243496839725,0.880205651311755,1
0.13178462866688942,0.9236672472480832,1
0.18182693327673236,0.8997486852918427,1
0.0917525596629187,0.9295737855529136,1
0.11791227585559713,0.9508280421853521,0
0.03055845313045573,0.8502837269880681,1
0.04064357273578055,0.8327188734825156,1
0.06380767854232768,0.8354831312904294,0
0.04145457178626904,0.8415798181207209,0
0.031855368796675713,0.8164790657173822,1
-0.03006568253540487,0.8243463073648671,1
0.0048425553909342625,0.8444978784253139,1
-0.0016880389630932278,0.8805059592964012,0
0.11348396527487932,0.964852709003376,1
0.09971830758933646,0.9403536276707211,1
0.1180799266396543,0.959996762592628,1
0.13942402524549333,0.9752414056692837,1
0.14274821185738365,0.9685152775667374,1
0.1551500849438757,0.9478110422998236,0
0.09009688649238515,0.9393504199052196,1
0.10630572305043533,0.9375376746969627,1
0.1060837258091521,0.9306366689714285,0
0.18336532644943543,0.8803181751995778,1
0.17619276702498854,0.8615225646677737,0
0.19647401432287515,0.8545448917783184,1
0.15703354859101165,0.8374297606858162,1
0.16405056323256922,0.8344908249477896,1
0.16771997004091752,0.9071465186117954,1
0.19052772780531985,0.8667723457982468,1
0.1438780065476195,0.8766821652609601,0
0.16874217417761933,0.8145997161854158,1
0.15767562102337326,0.8035918352944363,1
0.15108357438294462,0.8011129722732302,1
0.2233411824166785,0.8017765867188758,1
0.21815322999657463,0.781572376673394,1
0.2558896486691763,0.7781530976396415,1
0.23193589156281674,0.8353848356567438,1
0.2429840039154042,0.7921251024890636,0
0.2944855046917433,0.8251047854666549,1
0.24835798204962878,0.7888745987757324,1
0.24577894936582276,0.8122154193314721,0
0.21959515231433574,0.8925058179571177,1
0.2270750535684102,0.8698847405239047,0
0.16786124223357735,0.817142042417107,1
0.16834965648926226,0.873697667904241,1
0.1469138224746447,0.85058783685148,0
0.13078910274929773,0.7565671401188008,0
0.10463663465803728,0.7879792655068403,0
0.1340330169626437,0.7421902068945068,0
0.146016189263011,0.7411994359167486,0
0.12794994054166314,0.8025828786205624,1
0.15548587844641668,0.8143788491620667,1
0.14871813704843553,0.8062001413810642,0
0.07925225397919204,0.816975709345397,1
0.07425995145388549,0.8449523966146245,1
0.03562889224882242,0.8261295778937553,1
0.0666255543348816,0.8427829096254508,1
0.08206523402578222,0.8504166182400528,0
0.18770201607761736,0.8299559350317892,1
0.20329219201250315,0.8404998149005564,1
0.21020578622618608,0.8776341048216061,0
0.19031573628954873,0.8261907553761798,1
0.226695831654291,0.8208127561131913,0
0.2946670338674011,0.7843206561148005,1
0.28559470491891403,0.8061524909184288,0
0.233044586936915,0.7381978725724966,0
0.21275867442223093,0.7180527138002013,0
0.26825799904844694,0.704856435639991,0
0.2010060285936275,0.7637228549011456,0
0.17180192500751457,0.6533141416653265,0
0.21564124138271834,0.7518029243162901,0
0.21145095216348467,0.6917565423472815,0
0.27190995114407396,0.6885722880242666,0
0.26313441331752874,0.738902120941971,0
0.2147002398239487,0.7186026622506204,0
0.234742982733464,0.7048578249993044,0
0.10184264579169244,0.7310733434840124,0
0.06652164180456877,0.7219290159656517,0
0.25407409104225276,0.6330001778432597,0
0.19469238676612768,0.6161628352134139,0
0.3094843077575236,0.6292250588703842,0
0.298879337623978,0.6188680558465907,0
0.3304264144823054,0.6291357020492399,0
0.39712788037501856,0.7176273553308942,1
0.38632213784678526,0.729821305608515,1
0.40976450062453484,0.7254261708818075,1
0.38234232543072694,0.7346926204218309,1
0.3703584850858945,0.7301508220920188,1
0.38910760825858576,0.7373316914210377,0
0.2908438520365608,0.7267715448955485,0
0.383669370960286,0.7726030008480428,1
0.3686838844508429,0.7674896884840312,0
0.4005471503988751,0.7085881139507367,1
0.3925121741138408,0.7109340483590153,0
0.3891571588814033,0.6740918502927458,0
0.3824867487992529,0.7128984355648387,1
0.408113762480358,0.7044336248839635,1
0.4226023579207213,0.7483455743957899,1
0.39549959564046905,0.7303101953186263,1
0.4194416619987961,0.7541858512179225,1
0.4453380383068376,0.7229123268142197,1
0.4453738606680833,0.7383338512213292,1
0.4515233514719413,0.746421298376873,1
0.4586640073926824,0.8029317410305871,0
0.4362959193348916,0.7577313929999154,1
0.4595323788876815,0.7702419233731409,1
0.4657527923516652,0.7681614118365714,1
0.47527611290244065,0.7601000991403692,0
0.47753132943017923,0.7661886459043755,1
0.4935319772697397,0.7568442928547926,1
0.5109412738524878,0.750034304959032,1
0.4640482296202574,0.7601829139285965,1
0.4887422089674369,0.7723127692950364,0
0.42927391473518206,0.8511658320671419,1
0.4127994478967097,0.8651100076135251,0
0.41312791075227917,0.6843314040030433,0
0.4311825362176359,0.6989338663909829,1
0.4442178178861834,0.7175263204849772,1
0.4434449568654388,0.7013424399236806,1
0.42927689902851934,0.7319809084901733,1
0.4583515393074816,0.6928184251234616,1
0.48076104309421946,0.6788617718103922,1
0.4878681982908042,0.6509561461867776,0
0.5732488502527819,0.7015109102930861,1
0.5821311367769022,0.7115940482800243,0
0.5370199857800971,0.7537621326149614,1
0.614296905255238,0.7455194738920382,0
0.5240814161374976,0.8221408856020074,0
0.4479965604147723,0.8187475163101177,1
0.46118179599220543,0.8252240704199361,1
0.5097203681450688,0.8292885047904606,1
0.5174674349044425,0.7971349701508574,1
0.5432286533316837,0.7930069072865681,1
0.5015273726197559,0.824491589732377,1
0.5037528657013975,0.8090122908054015,1
0.5283640193269578,0.8079366857796768,1
0.47919435723342385,0.7985593353735335,1
0.4477891858015165,0.7471203141114154,1
0.44713395658497995,0.7839357797759698,1
0.4250114699550537,0.7731055657969044,1
0.45702849428155556,0.8063216359052258,0
0.4576662277900927,0.808636851383074,1
0.4785228684349886,0.78308709645561,1
0.5041930777321132,0.8274565445178662,1
0.4899962970272307,0.8005354190538218,1
0.5141809159440083,0.8313235231891134,1
0.5317832265310805,0.7729409560326008,1
0.5394158136877302,0.7945682184926336,1
0.5151743889764786,0.8251941580042392,1
0.499533752217509,0.8369978820899071,1
0.49512583869819005,0.808965822629449,1
0.4366811292364383,0.7728748607923178,1
0.4754171335306837,0.7438065077455613,1
0.4889028127465886,0.7416280857369597,0
0.5420682118848364,0.7935170337940441,1
0.513044455978111,0.8270384203125524,1
0.5197970933921419,0.8300404694191996,0
0.4987222702680741,0.6947313117010743,1
0.5438242390472057,0.72077591902544,1
0.5309358620908694,0.7157233546670294,1
0.5364615188185617,0.7218952801203045,1
0.4596125356655568,0.68394076894319,1
0.44384306670951196,0.7053233922141842,1
0.4443250823163254,0.7158310878173033,1
0.465918314048171,0.7109646609444803,0
0.3833650957368943,0.7193331872778111,1
0.42532909039412725,0.7143029463140766,0
0.41149142048350723,0.8228914395871687,0
0.3953162436834049,0.7510772030754799,1
0.42899193527699747,0.7571908225436746,0
0.4127749829580334,0.8100534245042027,0
0.3625484927749275,0.8174653110697803,1
0.3713332272098754,0.7806992017945296,1
0.3387287503296752,0.7619845069569493,1
0.38320090008941027,0.8031680927839765,1
0.39024463098519424,0.7833148448145726,1
0.41151431783885944,0.7884837401527552,1
0.3946901542162217,0.7708740023869555,1
0.4413960051536474,0.8320280540592176,1
0.4611335357965809,0.8331920672507411,1
0.439281489695331,0.7932707475678937,0
0.5072960990312729,0.8165940568716321,0
0.4604800158833982,0.8692493340074919,1
0.48327926746301103,0.8463512637306554,1
0.46160585167151114,0.8402863299688411,1
0.40128294206941967,0.8508875958343521,1
0.43664275460741553,0.8742289227390175,1
0.42846758141508623,0.8608389908633708,1
0.4380846646773996,0.8450976048090811,1
0.4410453686079568,0.8533089739531432,1
0.4420174415656701,0.8372450675093845,0
0.43628115175364607,0.8749949637693353,1
0.4700762290759275,0.8175968848471912,1
0.4348946413541894,0.8370534670873528,0
0.48438176221862583,0.8362040601180848,1
0.43096905754601944,0.8269270062830051,1
0.429452117755678,0.8863822853921404,0
0.35103414009895584,0.9083079288999492,1
0.3191631383799035,0.8916265373484015,1
0.35529801069865,0.912762577678405,0
0.46238197310714835,0.8679182329038372,1
0.4650219235935561,0.8699643598265584,1
0.42794301021555814,0.8743876965900566,1
0.4245154300867158,0.8608464855995462,1
0.4484784022776894,0.8696515600045813,1
0.4097786418390679,0.8243492258748292,0
0.3361457483477104,0.8371676160049292,1
0.3523520907077182,0.8066690929544548,1
0.32385152392668387,0.7718219165085226,1
0.32044017965314403,0.7992836403758272,1
0.3205630568610972,0.7811668094805658,1
0.35113119183770597,0.801254537462838,0
0.396872513555343,0.8237714944842707,1
0.41575932813656225,0.8127657293078343,1
0.40307493384985077,0.765452330352463,0
0.3830705183090217,0.8203841880675752,1
0.3686442284697802,0.7664648541297089,1
0.4073598311394136,0.8154607145729987,1
0.4079307583435825,0.8000677300848281,1
0.4170880296232304,0.7721836295515453,1
0.4414847052481675,0.791704415565626,1
0.45133887366922076,0.7516719095689421,0
0.4939793386119515,0.8069190350066783,1
0.4638999863936928,0.7692476492702081,0
0.49668724256685076,0.8279616496452717,1
0.4567274057533542,0.8361553950560087,1
0.4384168797118575,0.8428318402310084,1
0.4619247215888372,0.856602087370592,1
0.44030338245622885,0.8324836425788991,0
0.3743988458724123,0.761141306030067,1
0.4251781649300227,0.775927509388526,1
0.3897062089427242,0.7679072754440049,0
0.4493347404478518,0.6825669606169458,1
0.4666878471835414,0.6880890804241689,1
0.43883965736904845,0.715437845056014,1
0.4821505229319545,0.7006794648364415,0
0.36980798904821777,0.7791184715377294,1
0.40640998510177345,0.7487806523066428,0
0.4597226883172693,0.858360334936533,1
0.4630641753230304,0.8206081693084917,1
0.45279964298304654,0.8344733923147911,1
0.4560891948409498,0.822796680362186,1
0.42960158494266143,0.8138587256861752,0
0.3466604228247743,0.7502382720996791,1
0.36650434327607484,0.7699363329709948,1
0.35522998411192663,0.788561914312733,1
0.3410890433573204,0.813630119551234,1
0.3617271065754753,0.7699850476999577,1
0.3566077033727366,0.8115614304698716,1
0.38398231825146373,0.8391448656410104,0
0.37128183846554624,0.8137264454227926,1
0.37283395806343933,0.8202493115358453,1
0.3786263284363776,0.823887211657688,1
0.3398721590770755,0.7889975428231605,1
0.36692617783513704,0.7819543573182463,1
0.3371969981965966,0.843869630813295,0
0.3034367755261546,0.8068525425082693,1
0.3050888153939649,0.7554791146481432,1
0.30094135386380894,0.7495771301407271,0
0.2391971400526357,0.7702556235941466,1
0.2645428042453425,0.7780418991264605,1
0.2904097570524322,0.7859621494493284,1
0.2520415796710519,0.8039495369682014,1
0.25572748287556385,0.832629172081649,0
0.22517361375465306,0.7880985868548855,1
0.19890441768565628,0.7951456323193662,1
0.24468994228389498,0.8172464176455619,1
0.2752391427851859,0.7782400050645183,1
0.2663775108713593,0.8255675312528143,0
0.25021141752508397,0.7623848043234913,0
0.30854994340469677,0.7697564876965919,1
0.30325982547013747,0.8350838347631604,1
0.29153364514500113,0.8294628553960389,1
0.3029712600662145,0.8317178574949998,1
0.30921128126124753,0.8486256117048485,1
0.3327465287579942,0.9250969392328837,1
0.3518977975819379,0.909547438238696,1
0.34953615136750016,0.8866642098398493,1
0.3426865900821307,0.8614036264319933,1
0.3287934633602304,0.8364046425746674,1
0.3689272716282486,0.7944284006642892,1
0.3910510454783557,0.8119896063055686,1
0.355578356971108,0.737045770495071,1
0.3705356492694048,0.8149326130975767,1
0.33400153118247194,0.8077726965498656,1
0.3312824354173668,0.8285508430140203,1
0.333499323763711,0.800963338434287,0
0.2531190183443607,0.8234478557634154,1
0.28594880191068484,0.7592765422620396,1
0.2638935344971102,0.7654199291205853,1
0.2598622890216602,0.7831217475155864,1
0.26605320649160813,0.8091222244740135,1
0.2929707934433725,0.820836314189216,0
0.29790062263214045,0.8486552363438006,1
0.32246780121051055,0.875689465881771,1
0.2836635484866154,0.8218854026932642,0
0.27982076703815123,0.7237883942933935,0
0.2782946217983924,0.7595935048907739,1
0.2322702765249188,0.789007084309767,1
0.26834239536072063,0.7953370892219223,1
0.22137149953083834,0.8034072484169533,1
0.253145264295182,0.7878757021669013,0
0.2869983325053442,0.7410072444526611,0
0.24435816284939482,0.8202621355716628,0
0.22980740964761273,0.8430386621162045,1
0.1489779787183117,0.8321772999077187,0
0.14621492841514103,0.9258289055669311,1
0.15259958681925187,0.9410891941902345,0
0.1748573494071503,0.870679034229257,1
0.2190217559786933,0.8872065038877884,1
0.2562843272142793,0.8652018010629312,1
0.20429425473910773,0.824719356833983,0
0.15109665347080642,0.8032209890092535,1
0.21265635076842143,0.8722756661426452,0
0.1094225846497895,0.80522713242446,1
0.09906223548530375,0.8250141347644816,1
0.11967033146271655,0.8335316516076623,0
0.16263868206807702,0.8064732913426073,1
0.14903663163685935,0.8145090588699736,1
0.15633336983859533,0.804927682861909,0
0.11772706349163517,0.8554323470892138,0
0.2607323168259472,0.8615230040518594,1
0.24978264388281893,0.8280163670949644,1
0.2624519381708801,0.8443113219853091,1
0.259688088009174,0.8635228105461313,1
0.2842385319828729,0.8477238164428614,1
0.2662484455603402,0.8567876238600245,0
0.2650044249141601,0.7885057257944773,1
0.2918656160930221,0.8057967408537144,0
0.3217839485941711,0.8423078715375425,1
0.2394967214502687,0.8402427698798463,0
0.2875636993395039,0.7925495200651695,1
0.23603836814877283,0.8537466720082667,1
0.247735441611099,0.8683357432041214,1
0.2697751726728891,0.8969153011987646,1
0.2706078401424501,0.9080973885885875,1
0.26973044592109335,0.9517480493003228,1
0.29497658784034086,0.922210946622125,1
0.3258183144741637,0.8666965629295418,1
0.3064221692208586,0.8878096649662213,1
0.3056179293424496,0.8835591659867614,1
0.3074119658177804,0.896981351394338,0
0.3516393530904786,0.7795012412065251,1
0.33878366068983656,0.7856972866338211,0
0.29654584466398537,0.8003902365284787,0
0.29857012936710525,0.8376579481179286,0
0.317708958875424,0.8152762783919587,0
0.43026133648494586,0.6995277698177831,1
0.45345823044928424,0.6727943227008982,1
0.45900673792452973,0.6867465519131867,1
0.45145733403855415,0.714323513822653,0
0.4524017732093069,0.6886613059435369,1
0.45571421680511087,0.6980444952278902,1
0.45023670839694363,0.7137172133763738,0
0.40617959515958457,0.718016024099507,0
0.44377496290398855,0.6479584255567788,0
0.5272313692519296,0.6603274513249563,1
0.4844977422126025,0.664218697113237,0
0.5224203495910495,0.636893062097206,1
0.5066366599916157,0.6655443911214292,1
0.5060174425359512,0.6471237505581728,1
0.5264345117158465,0.6908425410023267,1
0.5481404007837498,0.7112392130095057,1
0.5655753692029918,0.6928499679028364,0
0.5097370402890755,0.6497059715318997,1
0.4737532602978519,0.6974845439047338,0
0.5425343832518336,0.6264342391223441,1
0.5083705691717161,0.648775485663164,1
0.5118016640895249,0.6459977789549243,1
0.5353730294215718,0.6435825372556924,1
0.5189555867367828,0.7062510984870922,1
0.5372992726903683,0.6861825626786665,1
0.53972431361812,0.7091344706918308,1
0.4994026708775989,0.6899940469364714,1
0.5417938999073485,0.6484382693391403,1
0.5039523890703114,0.6563785181855595,1
0.5064216731595917,0.6314995366618843,0
0.5380191054476524,0.6724583080960729,1
0.5266518437863518,0.6471997358348535,0
0.6161240709456715,0.6767942635552496,1
0.6307871972424259,0.6782543865471373,0
0.626925857069063,0.6516731456873662,1
0.5607798964795504,0.5894015479415913,1
0.5552137034013196,0.6393035484299822,0
0.6276174302992727,0.6217891630936815,1
0.6176015996943102,0.6260942349956121,1
0.6181837719464193,0.6177409291295042,0
0.556103469422195,0.6144661751128181,1
0.5943967928875991,0.6125538967707088,1
0.5494173954047443,0.600266081892121,1
0.5349469696358565,0.6208364403068564,0
0.6740735116047198,0.44233421252694677,0
0.649758415683939,0.48524040969238935,1
0.6596139848159873,0.5449745134019258,1
0.633883009977679,0.5576062964813338,0
0.7078995589796269,0.5500228647373624,1
0.7149199139832357,0.5319282585194489,1
0.7386483163982009,0.5218241462595307,0
0.7388983671699243,0.44179998151667305,1
0.7561942067699872,0.5070623703102093,0
0.8107358195712929,0.4246547638475812,1
0.7892407364804583,0.40323294052846753,0
0.7594633279719888,0.39925447605975767,1
0.7521252533879351,0.40539608698762536,0
0.6769690982227402,0.4208453833492685,0
0.7418944757965626,0.4774960353079682,1
0.7143400760093926,0.46101821472393434,0
0.7923190017708525,0.4217003975353195,1
0.7757893354588165,0.4140545902386806,1
0.784197793570016,0.4250668144999082,1
0.8050185087665355,0.4576844143096344,0
0.7801091198088016,0.4460996995931478,0
0.7029134178345833,0.47931326200989705,1
0.7354373309148226,0.47298269559985234,0
0.7381687099013339,0.43197212387743955,0
0.6704091627661549,0.4196700908885189,0
0.7224425405285525,0.28391969891229984,0
0.8179417141696826,0.37164381790132683,1
0.8063271081950846,0.40912751128761765,0
0.7865979542115856,0.33344606953792316,1
0.7786795787915456,0.377841441452636,1
0.8047566060714029,0.3772176573246136,1
0.7567702109334463,0.4252890788231185,1
0.7379478248633641,0.4071122570133776,1
0.7874674569256436,0.3710909765366363,1
0.7803416340151498,0.36434912388042057,1
0.8057287392023078,0.3781731062313337,1
0.8088215619283752,0.3778370387283098,1
0.7927745981301005,0.40119701088352294,1
0.8416552477340478,0.38389746818889314,0
0.8610251566411303,0.3126582220784865,1
0.8179315985667823,0.28630952170620005,1
0.8412943688931842,0.2870044918528947,1
0.7878918968812022,0.2985954223264858,1
0.811367299607715,0.30765051863958764,1
0.8320360729330923,0.2891127002304876,1
0.8180030971718484,0.3285764365026953,1
0.8583255584985675,0.32412428139471927,1
0.8636883115160732,0.3208753884251227,0
0.8347038974860936,0.33244165494307126,0
0.7862316859782518,0.3631775517090428,1
0.7888749535321152,0.3750137655268732,1
0.7963901848272824,0.39454760966835484,1
0.8188206414167767,0.35819937613167385,1
0.8239106318784903,0.3693860860543299,1
0.8119193294086958,0.39760097237425984,1
0.8380310219927203,0.39740373747394403,1
0.8302314567626767,0.39721195043959473,0
0.8109887028518649,0.40378186510334313,1
0.795771789758114,0.3861326703090285,1
0.7707179601876554,0.4085515347968509,1
0.789203958760843,0.3973929114422773,1
0.7971159561317573,0.40933825879050384,0
0.8440523392736838,0.38877611532446693,1
0.8285623201919204,0.37869282681099137,0
0.8375602282790009,0.30556998944470926,1
0.8238560123356724,0.33577255807543815,1
0.803261463873137,0.3262681883892157,0
0.8735149549982592,0.3193623699172005,1
0.8374692385397132,0.35021720516321836,1
0.8258946539214669,0.28812906023564855,0
0.8593226593844193,0.35312220891539814,1
0.8541532027497727,0.36076394562473946,1
0.883962168263972,0.3535449807630925,1
0.8541320084317,0.3732596993803572,1
0.8832589062571484,0.37404741955833803,0
0.8703422396198524,0.3153402251963118,1
0.8890802417661577,0.3096370667756846,1
0.816903812442949,0.29074863358375613,1
0.8220310445215642,0.3017366345304582,1
0.8501000151765021,0.34775744164877576,0
0.8136840973290417,0.3291893163665933,1
0.8271421009686041,0.34250671410847666,1
0.8097276733569422,0.34921334851671504,1
0.8123120037550461,0.35007779365029124,0
0.7167295306046909,0.29131856519435473,0
0.8358609756271592,0.32931480496828747,1
0.7645198419228955,0.3047653895323125,1
0.8215113270954472,0.31460159958591166,0
0.6925669721949713,0.2690889740644582,0
0.7443768394176044,0.2594028984973588,0
0.7404696100881683,0.19528507622013092,0
0.7194957801159978,0.2753995054982863,0
0.7000586477504072,0.3223396837712248,0
0.7411806147152822,0.2627991469215353,0
0.7394012623778796,0.2501300417281076,0
0.7871563035630612,0.22354859177313868,1
0.8375112169003595,0.22217819479729112,1
0.7688229131194195,0.24657124309603198,1
0.8102745568808879,0.23727799069215566,1
0.7888163619792394,0.23677765511669155,1
0.8268457138262753,0.2310360704714075,1
0.8359174841593441,0.25181306424459504,1
0.8091410371001269,0.22274689892622918,0
0.8268179648854196,0.18779084676302787,1
0.8005652353750169,0.24276967559080484,1
0.8014205216738562,0.2894014385990396,1
0.8664203785513123,0.29582982158166127,1
0.8767726867834231,0.3480752389384579,0
0.9011176760460163,0.28207689234773814,1
0.9190768833096514,0.26557211970827027,1
0.898609400588666,0.2535920524894698,1
0.9447186587861025,0.24793969401437121,1
0.9271434927231751,0.2528743015769383,1
0.937921936547821,0.23890528799899094,1
0.943901535782854,0.23680352843437263,0
0.9147630832588174,0.21398495613179228,1
0.9587586765796263,0.21298691239488174,0
0.8990891946343248,0.244369050783707,1
0.8955426706109579,0.239279094186838,1
0.9001506233651657,0.24148248519121768,1
0.9076719127497658,0.2543540629582118,0
0.8399607736950094,0.2428097572731494,1
0.8578067082319311,0.230562322051825,0
0.9256393313733705,0.23462070176455907,1
0.8893922194569485,0.27438841958594523,0
0.9059040328745239,0.19482879576777104,1
0.9004619320748487,0.17797855127628648,1
0.91893344283599,0.1672054134664921,0
0.868832187875223,0.16711649287801306,1
0.8633153857775888,0.18636723606615782,0
0.916352425992165,0.08871619878970266,1
0.8886967006622292,0.03832555196127735,0
0.9298889667649335,0.09487090113343528,1
0.9219009944004829,0.08875512725766029,1
0.9232413331947475,0.02982490888687306,1
0.9138581618935981,0.04240023421289564,1
0.8913195734353972,0.05681807851033634,0
0.8555546766284389,0.01782717758807522,1
0.8497810791159204,0.0545964657647134,1
0.8616812939231399,0.040916828617524534,1
0.8513515622251895,0.048044176911075355,1
0.8713653374808032,0.06317062168935988,1
0.8517104807214391,0.01725631279680706,1
0.8570136353848935,0.034908042400063406,1
0.8637182193597261,0.050058055046812516,1
0.9455991158709335,0.04860014246406262,1
0.9045507666410526,0.023038005362072653,1
0.867118592805464,0.04726123513394564,0
0.8468845268326697,0.02678704726704625,1
0.8410274602271781,0.020483741758724337,1
0.8947953036227714,0.01994012014324954,1
0.8771964250875368,0.051721909168515795,1
0.8701232996119574,0.06665990907400761,0
0.8843783800833412,0.04073098420595374,1
0.9167289941905974,0.03092331569094406,1
0.9172406565811922,0.04635677499423659,1
0.9491340981933674,0.03850400620335458,0
0.9120623014850087,0.04987374367396715,1
0.9057371389722014,0.07372919470568835,0
0.9891232972779982,-0.025808719605414865,0
0.9603156877233229,-0.02985777949237351,0
0.9113871860943992,-0.00835759505126038,1
0.9085482980619501,-0.07655824652968864,1
0.9122241800693476,-0.035504200047016224,1
0.9583258425806377,-0.06733238827531965,0
0.9473695695360329,-0.06047906509129729,1
0.9321180683286192,-0.03920838845901875,0
0.9140679295036476,-0.06150569964111127,1
0.9341311329477072,-0.06793892087372484,0
0.9485615073900554,-0.007480071005610808,1
0.9676555883254673,-0.04219485729740001,1
0.9807291507761645,-0.050224575950451905,1
0.9494917790516603,-0.0162060300038342,1
0.9350663804805515,-0.026822900698312245,1
0.9041352503025959,-0.035876991378180206,0
0.9429357303901256,-0.07174379773025286,1
0.9049582892981489,-0.02320710036881221,0
0.8531366624687012,-0.031135650670446473,1
0.8982438002961264,-0.02897749687996213,0
0.8526684379396378,-0.0377504088743163,1
0.8493482108451103,-0.006563292888060544,1
0.8477592229600138,-0.017892273723660798,1
0.8323291218122519,-0.054163468966218285,0
0.9441412959616324,-0.03505774615727204,1
0.9430621947227091,-0.053798993545939526,1
0.9632660846892296,-0.006538340852753358,1
0.9479628080102198,-0.02615477310280499,1
0.9481020301833956,-0.04908305431287097,1
0.9556901386047219,-0.07784346703691306,1
0.97399698032836,-0.02288376391276402,1
0.9597300108149647,-0.012005136403225791,1
0.9524507691584568,-0.024850843893050128,0
0.8443329615747062,-0.02557630024806997,1
0.8091717277936669,-0.023864263225167364,1
0.8177916441837391,-0.0710213643456719,1
0.8070919134076453,-0.1115579471638059,1
0.8135872307566618,-0.09990712244248615,0
0.7948928841420021,-0.02018474932228219,0
0.7712212890351894,-0.08723153341441982,0
0.7498834953392011,-0.08330963182553677,0
0.7868214665368383,-0.10367413636460161,0
0.7442020318369091,-0.13875061418104118,0
0.7317788278168742,-0.04918329937038819,0
0.7529396875979993,0.005974218212508146,0
0.6466348757793235,0.031059024939736713,0
0.7249072864473535,-0.09774126297029602,0
0.7606364577314796,-0.048714232490993874,0
0.7021370924153777,-0.05963215175578796,0
0.7645871761099263,-0.09247215099490617,0
0.7425397219616324,-0.05224849501990944,0
0.7297178245973777,-0.021899692231890325,0
0.7525388415995264,-0.09342390030081173,0
0.6942592331424808,0.0016474384327069685,0
0.6514618636959398,-0.06420366848040049,0
0.7249628642710777,-0.045232366032936455,0
0.6818553454885227,-0.05432321758613415,0
0.7163152170531268,-0.07720965098254057,0
0.6939431798314986,-0.0703435199266836,0
0.7302440230330648,-0.05844754125813289,0
0.7361186470790626,0.04238986075073186,0
0.8400899703253836,0.07273965262526498,1
0.8515964098322998,0.0036246360986985637,0
0.7892870685704374,0.01413629073867807,0
0.6688842530686135,-0.010472904878630326,0
0.7629770259625945,0.11198060718485006,0
0.8734779044642695,0.031998744000782106,1
0.8472315427273117,0.0070136482153648795,1
0.8535806433283256,0.057545054439980245,1
0.8222460289626108,0.061337152135407316,0
0.8427870052965194,0.08731674611027576,1
0.8506832020678369,0.07690746666431467,0
0.818708804999508,0.10338418283506881,1
0.8574845738217818,0.05436302725262928,1
0.881653362508148,0.03187551447437392,1
0.8519005002374934,0.05524292160249782,1
0.8526303138265267,0.05139772008613124,1
0.8618690738048106,0.047014345343469925,1
0.8658154177312688,0.01708998520068573,0
0.7886123328274274,0.12401352747633045,0
0.7804325439025722,0.10594031200987394,0
0.8047927910479716,0.1711565785915517,1
0.8155808577986551,0.16054994728159816,1
0.8112901149117259,0.17707084705796625,1
0.8664774509989521,0.18179073306071766,1
0.8705848589119114,0.17293980801149023,1
0.8455586025721513,0.2062432233236532,1
0.8413921365832464,0.1796986948851239,1
0.804476685366496,0.1990316997643183,1
0.8469811916221565,0.19884549350750455,0
0.7315490920766731,0.14570141123405386,0
0.8620277616794916,0.21659372596031812,1
0.8454121982794174,0.1729576088608521,1
0.8891067632297921,0.19350549366555447,1
0.9217562881070995,0.24920839935740055,1
0.8428638490601097,0.23064296855809252,1
0.8583519099881076,0.21914123752938522,1
0.8740996938239843,0.2243282090524917,1
0.8708276164397722,0.18702202557731837,0
0.8800402185716418,0.15119977154723507,1
0.8829594698205417,0.13727631984413868,0
0.8369943051977262,0.12829766788420457,1
0.8322605109715473,0.177930650093281,1
0.8714502633937888,0.17803092354864417,1
0.8506577263410384,0.13236015905457146,0
0.8516037264579297,0.0647969600483731,1
0.835246561593508,0.05751128096989265,1
0.8240938796481774,0.13343953579661794,1
0.8203994068614506,0.09760413712706399,1
0.8546048461031265,0.11475720791448542,1
0.8716720219352995,0.1529354894269029,1
0.8660327177426969,0.13128161510972783,0
0.8477008835683412,0.09490008912554498,0
0.8227357159899199,0.2877654351623283,1
0.8383394168514027,0.23614958207979733,1
0.8038872762907254,0.20924226470685994,1
0.8040676451196963,0.2761663948142705,0
0.8698824418804714,0.27056019010210436,1
0.8670644562261662,0.27558479720276646,0
0.9064534869483101,0.18372742755123775,1
0.850497311089438,0.21065024211353656,1
0.8673862227233873,0.24423076216172906,0
0.8034671958224793,0.18477061261456146,1
0.8193081858942061,0.18421168718834882,1
0.8264463117662216,0.20015995004347395,1
0.8085566098057264,0.19446556968817064,1
0.8050326473130799,0.15546711086231976,0
0.827221448108559,0.1695443766887712,1
0.811054523210123,0.166258732680115,1
0.8099374665076554,0.20211014664580934,0
0.8103396893755366,0.13339830355760043,1
0.8171782521112279,0.1371989405969612,0
0.8618799403709889,0.0734318233833044,1
0.8638933392884784,0.10107789489267562,0
0.7834933696921286,0.06247810946121482,0
0.7662870556271386,0.09354056378715309,0
0.8126913532250624,0.00537984014584772,1
0.8458287384456411,0.026248128402651554,1
0.8535082260301863,0.03517486284364355,1
0.8207257885323207,0.01193887776927472,1
0.8439628261911589,-0.001922481081373703,0
0.838479930640183,-0.012953318893662222,1
0.8086662875201662,-0.005579336837612202,1
0.818050063138035,-0.012505351552445738,1
0.8095634628334386,0.015150630633260326,0
0.8940389271758298,0.024123833257031366,0
0.8724424743865207,-0.040461720112438274,1
0.8459091580134264,0.0021816651379365504,1
0.8584541791928529,0.002038649917706781,0
0.8050616365416436,-0.05338194158734277,1
0.8090471332531314,-0.025284485561836073,0
0.7586235661386932,-0.10828922531595205,0
0.7969087934153622,-0.07689614029540848,0
0.7899394933786533,-0.14943075505602227,0
0.8909380686201976,-0.12128990884053954,1
0.8960325263199573,-0.09898698329083942,1
0.8813013369943375,-0.1512540957184269,1
0.8481629304251238,-0.13356805836748498,0
0.8578656583440605,-0.12527728072027297,1
0.8799185431556392,-0.1182587592938832,1
0.8691832740236656,-0.08052301200012733,1
0.895761588798343,-0.028254374343166237,1
0.8583833809178698,-0.07081992013825364,1
0.8392153646115927,-0.060734662694369605,0
0.9393858621125842,-0.03927337874001703,1
0.903577950722543,-0.04975581886930673,1
0.893605722051551,-0.039302919641228395,0
0.9355195142352791,-0.047595997127331806,1
0.9118771641672833,-0.04101887032319475,1
0.8823300037045414,-0.0551365797516966,1
0.8746354720206088,-0.06164336334353496,1
0.8617139766807506,-0.029214042045378884,1
0.8965600046731922,-0.03050093323096597,1
0.8975958822703091,-0.034552529019442675,1
0.8789551871342063,-0.030591548889783736,1
0.876578657173112,-0.062307024880684674,1
0.9264758759091689,-0.042391826193653115,1
0.9120954800962104,-0.03980922469672804,0
0.9035449188532355,-0.014714648922797106,1
0.9062949318943548,-0.0009362021566237371,1
0.8984440246812719,-0.011848233502498523,0
0.9478533340480464,-0.06005307613399899,1
0.9005722748870999,-0.09684831047186879,1
0.8972168906183815,-0.03645357929440272,1
0.8855272992702009,-0.057644120684181455,1
0.952201821007595,-0.044982073040047144,1
0.9774615219745673,-0.04073098453609058,1
0.9707457371941977,-0.02156792279219442,1
0.9302883558422803,-0.0575342510795126,1
0.9497091157558312,-0.026469287717092005,1
0.9837260141065388,-0.0498246287751728,1
0.9870266414395782,-0.037748983820530255,1
0.9694715128981405,-0.08333628063026147,0
0.954488919210972,-0.07934523821874631,0
0.9396497196448982,0.07738125173088187,1
0.9288777932295277,0.07210649788639356,0
0.7915321363936992,0.036352291472773024,0
0.9188981375007168,-0.010507135015727309,1
0.9015896675838887,-0.01952948915710872,0
0.9103936947956995,0.026098260104293156,1
0.8589451657625792,0.06969856381196078,0
0.9423970101405463,0.05283020514448242,1
0.9312255776769472,0.049047964572148925,1
0.8980337005553201,-0.0021437635347948125,1
0.8457022806731951,0.0418646510241467,1
0.873104625553231,0.00043256519363496504,1
0.9103911940326612,0.0010429413767554007,1
0.9244759386440199,0.014834388346755038,0
0.9237183405805001,-0.05795464215999049,1
0.8838517876471255,-0.04069049357947044,0
0.885021183856328,-0.06059008045162195,1
0.894929950384433,0.002898095185860816,1
0.8882515483539816,0.040139077546815775,1
0.8764722835107549,0.022830232717124192,1
0.8991396693658736,-0.0026456393453322923,1
0.8763387407223279,0.025579780812680586,1
0.8532022937060325,-0.018173536995996165,1
0.8677798394323855,-0.02570391597280685,1
0.8715826838019876,-0.0320397442664718,0
0.8504046248028571,0.03883001669679753,1
0.8480031031069258,-0.02483326478847686,1
0.824453366893831,0.06208874642604305,1
0.8455587097163156,0.03633456126344853,0
0.8243443955310522,0.09719167918650581,0
0.8232807148180168,0.03927706771684867,1
0.8284353346095277,0.018948969865327535,1
0.8520326590504973,0.025443285785968703,0
0.8316335723059325,-0.039861234593202316,1
0.8394374005095336,-0.02097901540099006,1
0.8268477074432865,0.02436185571659578,0
0.8539856949829975,-0.06620168149503838,1
0.8475635952011328,-0.03561457343690836,1
0.8539394189309449,-0.035007693524123765,0
0.7831745137192461,-0.043225769803191684,0
0.8285381775819104,-0.018392512135770492,1
0.8647120041758805,-0.003918950089409276,1
0.8669635158116467,0.004614785248983292,0
0.884710148254857,-0.007583708557968975,1
0.8485693627045887,0.00451758107185414,1
0.861357312183654,-0.00024080954942534878,1
0.8613760027250355,-0.0042282340386595564,1
0.8907191930607367,-0.01873617497927557,1
0.9045859803218983,0.015404860113017269,1
0.9025383540534111,-0.008453672774439286,1
0.8888059171663758,-0.016764016093089695,0
0.9143820892166062,-0.11739533310179998,1
0.8871512431190571,-0.13410558475098952,1
0.9310807460608782,-0.12019070543567917,1
0.9500568676179194,-0.10036147159235922,0
0.9428015857470372,-0.1119684969117006,1
0.926979219773952,-0.08528275663326035,1
0.8894832654607915,-0.09342148717479376,1
0.8625507632892022,-0.07154077531438763,1
0.9172206735068977,-0.07939607072809249,1
0.936037053326255,-0.06871865556912894,1
0.9261367012049079,-0.06574133569639855,1
0.908843572648334,-0.09216706548265233,1
0.9043254598124901,-0.14177561167767333,1
0.8827358694821376,-0.11466976777103555,1
0.9269382562551313,-0.12051520490157464,1
0.9360955719405928,-0.13475046479776948,1
0.9107166609729344,-0.09928055296665762,1
0.9639081520965541,-0.09095194488538332,1
0.9666403914618849,-0.09151470577663609,1
0.938663329853716,-0.11066622332960656,1
0.8971665039065876,-0.0658980983222226,1
0.8892616289492927,-0.10161607781287234,0
0.9765911679442976,-0.06191319691145445,1
0.9245821725093761,-0.10233362400715487,0
0.8738614749562053,-0.10309812324960663,1
0.9115462837304297,-0.09275417731772659,1
0.9429115301743116,-0.09470468940417637,1
0.9627265140397077,-0.1371537896066496,0
0.9738539109737644,-0.04276052434382381,1
0.9729720567379752,-0.022197953564480073,1
0.9400620336769322,-0.03580113807583063,0
0.8988899739882515,-0.15648414767561955,1
0.9202490171271301,-0.12747599733034973,1
0.9394508861674579,-0.09012045416937375,1
0.9123399307831319,-0.06986699759063089,1
0.9290993148563657,-0.0795368436265693,1
0.918386218500114,-0.09614770217930561,1
0.9424833464456689,-0.08095348763881101,1
0.9042124865805696,-0.09432701697949714,0
0.9541454782696376,0.001368952331150447,1
0.9298081589831664,-0.03548726702130782,1
0.9389493758607237,-0.05320227233419893,1
0.9702346504512869,-0.0976648044551412,0
0.9412633292283268,-0.04888068998692558,1
0.8983116216976609,0.0006923617091176004,1
0.9050304590053698,-0.023678230893929085,1
0.9115160835071,-0.05334607667149319,1
0.8942237383643457,-0.03381716843761151,1
0.8540296482101224,-0.06339960162578315,1
0.8792509111751007,-0.07436802666373583,1
0.8701500612510593,-0.05313730641462111,1
0.9242427400021982,-0.10208160545802829,1
0.9491329295979957,-0.06636730214295172,1
0.9285990790040047,-0.05756349366771947,1
0.9142251115795959,-0.08947233488719245,0
0.9419549583907235,-0.09596777389495627,1
0.9289697876852625,-0.10159598433924831,1
0.887282853317569,-0.07327678149506095,1
0.8595024039477964,-0.11920955785911845,1
0.8713663356789556,-0.1234433124898281,1
0.8300276045365562,-0.07556756848344208,0
0.8016536421293845,-0.13978173885686168,1
0.8072772969259165,-0.14604479484515165,1
0.8067907115024358,-0.2244044566737369,1
0.8221003024835125,-0.2169840899199069,1
0.8256286183832747,-0.19593498947146842,0
0.820977244455055,-0.19552397253875192,1
0.8333630045250338,-0.192262552710698,1
0.8029047268391573,-0.20445846663038972,1
0.8154935926545163,-0.20954553003538384,1
0.8354510880869418,-0.19692179561978812,1
0.8583584721921601,-0.18661513129586058,0
0.7891185223487285,-0.19463938015778395,1
0.8014587206062451,-0.21125182155526848,0
0.8125136337416776,-0.17350086705499668,1
0.8266393112086252,-0.18718481078989144,1
0.8557297118587097,-0.22119188525917155,0
0.7342483110397784,-0.20401919252755138,0
0.8283817365234633,-0.19341860487766616,0
0.8130855792624464,-0.2778564041975683,0
0.74564659186314,-0.21774097416824045,0
0.6938781469363493,-0.1899452516205851,0
0.7790880854555429,-0.2214865151327604,1
0.7887905889504511,-0.2479194038560981,1
0.7858790819565818,-0.2593404434103784,0
0.7978101873429587,-0.17234328732242332,0
0.8948033965520961,-0.15026665826963378,1
0.8285039048653761,-0.15409269284878624,1
0.9181969216772257,-0.16442339901093914,1
0.9105579839611362,-0.13521763917981178,0
0.8577481578515747,-0.22112367624060053,1
0.8205340889921148,-0.2025899469007423,1
0.8744868866569527,-0.2277799213885557,1
0.8366712288059105,-0.20944107195999323,0
0.8017982704933603,-0.2403199605590822,1
0.8398484476038015,-0.21788278451649534,1
0.8196310046774328,-0.241133994577735,0
0.7522498779424966,-0.17575816728873384,0
0.7598703077576459,-0.21877041980163092,0
0.8106260898871702,-0.20637072121980649,0
0.6845550710276473,-0.2613319165932322,0
0.827988003088284,-0.2524748834676818,1
0.791742147640757,-0.2579195160352527,0
0.8178585336982114,-0.28010004172471226,1
0.766438775297034,-0.29552267113451736,1
0.8104684081975277,-0.27197778511697224,1
0.7983503724847852,-0.23380369311752353,1
0.823041784297462,-0.2236475334948518,1
0.775099280811249,-0.254587975087079,1
0.8137566215466157,-0.2407183877313321,1
0.8137195476549294,-0.2527146944234274,1
0.8396693120796391,-0.24577762917352414,1
0.8657093323622775,-0.2486927896633503,1
0.8841204773423094,-0.24393330442923092,1
0.8328570758821318,-0.2944097869161191,1
0.847162289586462,-0.25420583510123423,0
0.9280645532010882,-0.2793316763541784,1
0.9341053453757994,-0.28680769117176386,0
0.9067960629225652,-0.2207479832863054,1
0.896050721766331,-0.24939332195840805,0
0.8414493346628099,-0.18944042978625514,1
0.8680232354158538,-0.20845372550612434,1
0.8713513392125105,-0.24910949046947783,1
0.8558761681605594,-0.23334272347567486,1
0.8903158851674761,-0.2787647655308899,1
0.8645786506675643,-0.2512096058136718,1
0.8590206824773677,-0.25528341567667084,0
0.9210004273837278,-0.23755219499745342,1
0.9355544239230505,-0.2646116848012845,1
0.909220830324421,-0.26401024434343007,1
0.8821905902111205,-0.2372973588846631,1
0.8734750647042776,-0.2943354283732319,0
0.9177597968009853,-0.2669931709065062,1
0.8934047435359758,-0.28795061949729295,1
0.9048477588187723,-0.23228662007745593,1
0.8827958698412879,-0.18721723270799415,1
0.8985305707108281,-0.24885376405126408,1
0.8696151538208946,-0.2511353793234474,1
0.8757125383585095,-0.25894781699556696,1
0.8557890293763496,-0.21118792572548503,1
0.8650396152469243,-0.21612192523056903,1
0.8466813151104634,-0.20824468927176265,0
0.918112411356151,-0.29409553256604304,1
0.9286192745181481,-0.24019830255162006,1
0.9302878931139944,-0.28437279364808155,1
0.9169944224382324,-0.28644373529822564,0
0.8981021418646498,-0.2751302617459286,1
0.9444373895866844,-0.2694970752819207,0
0.8407851670726977,-0.17931832097234723,1
0.8525274256606635,-0.19058758332661271,1
0.8916014565185657,-0.17938892587362193,1
0.9175541189232443,-0.19905038928555124,1
0.9305907133312427,-0.21832350257325484,0
0.9046087185547573,-0.24133462674895093,1
0.9131809390844954,-0.2045925302624512,0
0.8297972051637441,-0.22879573631692535,1
0.8133822006779293,-0.24043016139877071,1
0.8487970623887351,-0.20177838602699474,0
0.7993651611815666,-0.21321194231739937,1
0.8329669100927883,-0.22280314833040155,1
0.8133416030881709,-0.28656398138171735,1
0.8653777449213725,-0.28925530477109357,1
0.8881394534185494,-0.2624617042031359,1
0.872240189154052,-0.2732500256637229,1
0.8772632869195345,-0.30047551241102965,1
0.8872427795442372,-0.31718373419270196,1
0.9374738721109732,-0.27405023633941616,0
0.9428218894912423,-0.22259131871341148,1
0.9304608552001218,-0.22496644318250486,1
0.9130590558171955,-0.21220086265860846,1
0.8769182090155636,-0.23702138360831965,0
0.9078166125695221,-0.23910901742803764,1
0.9124716769964383,-0.2679259450635961,1
0.8936625208773828,-0.2841458745441269,1
0.8943106122992063,-0.2836374004117233,0
0.8028251726650965,-0.2762139399888461,1
0.8577715308528685,-0.2736588452002523,1
0.8386628552619081,-0.31642769897661344,1
0.8292868146694719,-0.24857823061896372,1
0.8164512205508533,-0.2268156174112695,1
0.8427963829781927,-0.2991432894291889,1
0.8496511035274473,-0.2879654561379444,1
0.8110642256864176,-0.2753096639244227,0
0.8615967141794271,-0.19552599275293708,1
0.8801500117931988,-0.21596478339725994,1
0.8516235559553303,-0.21296113949323656,1
0.871730276720675,-0.19919988777610592,1
0.8705150752287614,-0.20451571898727278,1
0.8749414293130843,-0.20142178816800002,1
0.9081899229713954,-0.16795971508508453,0
0.9339436159939958,-0.1877213041846053,1
0.9360738580965474,-0.18157944513063135,0
0.8714086781006589,-0.2344395352297169,1
0.8840859836400892,-0.2240879200332558,1
0.8768939165353443,-0.23649081894755672,0
0.8278294460503218,-0.2654098790030016,1
0.8064469944628354,-0.26315461626137904,1
0.8023016527083457,-0.2902013053555893,1
0.7915344487538198,-0.2708041656787659,1
0.7871397063238935,-0.3043822228644229,1
0.8118406715527605,-0.2700862128340775,1
0.7810943761931982,-0.25927093828248127,1
0.7713766139976759,-0.27087033184312453,0
0.7788791536910592,-0.231479494227183,1
0.7830182244617696,-0.21922923117163817,1
0.8247338711820487,-0.2275649603025281,1
0.8920891938486543,-0.2582397413957813,0
0.8230085719223768,-0.3275509997822636,1
0.8059923482979413,-0.31748035129707347,1
0.7870484009520897,-0.30215465931719276,1
0.783261176557032,-0.3453228915682898,1
0.7781020760516633,-0.2908740484258999,0
0.7677978347792737,-0.3013362076520997,0
0.6728822480021136,-0.3559487137343662,0
0.7151362161956505,-0.3776482423400972,1
0.7394870183901046,-0.39950015566946956,1
0.7018167152956545,-0.4052150015427465,0
0.7108565142963592,-0.45356852692573596,1
0.7570485262452393,-0.4073667324183915,1
0.7189699977124113,-0.4055075679936145,0
0.6504344480992378,-0.3286756533408569,0
0.7320028701773569,-0.4208370478999291,1
0.7630099785681773,-0.45179796897348473,1
0.6974828786704642,-0.43682904819973206,1
0.7229080391318795,-0.4253879994487048,1
0.7175232654701187,-0.4126774672142839,0
0.7428807880230556,-0.5011652994317709,1
0.7539860141776845,-0.5247486440640315,1
0.7306998741157014,-0.5046616558775486,1
0.7399607918252822,-0.47476570416340047,1
0.7836081819174331,-0.4762051998057568,1
0.7233136742798801,-0.49097546614680565,1
0.7660261032663165,-0.46296330473095093,1
0.7908270615268624,-0.5008405550485853,1
0.8211759938638707,-0.5154939669230323,1
0.8185211438814202,-0.5107157612746217,1
0.8218022543605108,-0.5172424870314692,0
0.8111682179517307,-0.48064798204855763,1
0.8194921710125213,-0.5035835613882566,1
0.7875103698790574,-0.5169626055042366,0
0.8328137306592084,-0.4540890799192597,1
0.8242887495012383,-0.4643634735666794,1
0.8046077850030964,-0.4466199113899809,1
0.7976463793294052,-0.44942313913854354,1
0.7769356253387492,-0.43869568150808613,1
0.7981560970169291,-0.43627966627431264,1
0.7748431031469926,-0.42549155973977315,1
0.7696620478154944,-0.4083812828828824,0
0.7642059456822091,-0.44836659769294995,1
0.8129151761797628,-0.4479148909668378,1
0.8199820358805542,-0.4136581173454218,0
0.8163310386494983,-0.36727839793126943,0
0.8360241813640512,-0.46915635804982475,1
0.8350655992203149,-0.476140598116819,1
0.8185360540191726,-0.4722274928645071,1
0.7964828774126754,-0.45207189237020573,1
0.7469435914754505,-0.45414461169799863,0
0.8446548800081495,-0.49358045933609596,1
0.829902183872883,-0.5010976760607494,1
0.8291794556934756,-0.4860654664611965,1
0.796858395785379,-0.5067577299436753,0
0.7756679092977272,-0.6062641113435662,1
0.741079355018829,-0.5629181406416268,0
0.6990668148317138,-0.5705960656526435,1
0.683854041999181,-0.5457474044952229,1
0.7508554041456249,-0.5367093767453978,1
0.7659722815555535,-0.529962350395699,1
0.7290091966326006,-0.5196585847827081,1
0.7729518016474605,-0.49713685463027335,0
0.7327439330526222,-0.5582958675810046,1
0.7363402845303673,-0.516170328234716,0
0.6870422612361455,-0.6750531962532943,1
0.6814566578385073,-0.6086047161697463,1
0.7246914658097958,-0.6133744241910047,1
0.6955843715684301,-0.6131470833757537,1
0.6959719476614986,-0.5824169751572742,1
0.7156689614330406,-0.6567382096766825,1
0.6932960083635631,-0.6488627811645726,1
0.7140757219942436,-0.5972784666569596,0
0.6412537757694794,-0.6522833402616253,1
0.6593672460630202,-0.6786246155470158,0
0.615911743959077,-0.726022908195996,1
0.6327707834833304,-0.6858439336865707,0
0.7036839733911167,-0.6543998070610374,1
0.6898786750851825,-0.6915682128095668,0
0.6078694880025318,-0.6491337870902539,1
0.5855695444400238,-0.6731293226154067,1
0.6177352117099808,-0.6573122460175059,1
0.6101254508615179,-0.6824019460268388,0
0.6317095603286152,-0.7048094853062838,1
0.6269460404245548,-0.7398204249441009,0
0.5924562431928141,-0.639869453563775,1
0.651035272521422,-0.6217950164232354,1
0.5960180100284779,-0.5912867931688429,1
0.5779208006627443,-0.5901560406711044,1
0.5875388096195384,-0.6134054075605337,1
0.576756150756538,-0.6531251861632486,0
0.6353680059851217,-0.5683164429382114,1
0.620458462568017,-0.5826929339811788,1
0.6135246837307411,-0.5928645123695017,1
0.6085569792953377,-0.5791159007878872,1
0.6447028423540434,-0.5742027841101572,0
0.6807801761060797,-0.6311102198370397,1
0.6832240570166775,-0.6240983619338017,1
0.659779221023681,-0.5981977416753008,1
0.6847831113943774,-0.5825033517270446,0
0.6891719264017563,-0.5812086461645578,1
0.6862370722931072,-0.618042321494238,0
0.673288647209521,-0.6083622363306402,1
0.6144274139902346,-0.6191699156965117,1
0.6301445058834949,-0.6162535227042406,1
0.6298679767336396,-0.6075606544516322,1
0.6456165742725832,-0.6063022660030581,1
0.5930539622159218,-0.5972571629002356,0
0.6069033759749791,-0.6584479543729425,1
0.6108028899545913,-0.6895351927283087,0
0.6389297368182806,-0.6574630012214919,1
0.7202802841196803,-0.6560608504502731,1
0.7116573108721849,-0.6335726508295013,1
0.7357169812994745,-0.6355504271128345,0
0.6585510689539914,-0.5718261863580569,1
0.6205295001203752,-0.5490489012065494,1
0.650322124864691,-0.5444459037566053,1
0.6494870281386859,-0.5572029038072713,1
0.6801082933884401,-0.5609024502897062,1
0.6509108442371446,-0.5650318701597449,1
0.6473775744819913,-0.5491117915505669,1
0.6591934894142693,-0.5482580778245495,0
0.6520697906246021,-0.5344682527915227,1
0.6725504666814341,-0.5278879307171801,1
0.648517696513845,-0.5332323592327994,1
0.6517029424517965,-0.5783186207082258,1
0.6679359614165261,-0.5308451435713784,0
0.6368498061375545,-0.5353434771357896,1
0.644356497704583,-0.5590292831130853,1
0.6368673940387912,-0.510306877469186,1
0.669776314861362,-0.520535703259351,1
0.6768142852515117,-0.5090488727907072,1
0.6143294093471408,-0.536858826529318,0
0.620804391926161,-0.4907649845688802,0
0.6916976586241432,-0.5651178463035677,1
0.6734000712813873,-0.5865727485406388,1
0.6771775728952103,-0.5663102027580807,1
0.6538249983521649,-0.5304374830626335,1
0.6526595142260848,-0.5352355032932202,1
0.6899164369646693,-0.490926265504938,0
0.7144508901319782,-0.5523520064560601,1
0.6909602132061667,-0.5661167035316008,1
0.681680552499157,-0.6019572727063364,0
0.6502154793396848,-0.531479663183086,1
0.6630476223289032,-0.5442808345576687,0
0.6463843929197306,-0.5144667401655537,1
0.7093621809463202,-0.522913200612214,1
0.7221909140565327,-0.5599571535283101,1
0.7114371816658974,-0.5370541362523065,0
0.8039458296715238,-0.5007839133120523,1
0.7360954092418307,-0.5050247147967384,0
0.7872925457331071,-0.5339424479147998,1
0.7414978010542466,-0.5451051472800982,0
0.841872213324887,-0.4690466564993335,1
0.8021974715577442,-0.49704217956596997,1
0.8463470832859236,-0.45964318400839765,1
0.8459251254707357,-0.48357952241920976,1
0.8403749085079442,-0.49941403575724364,1
0.8459910221332224,-0.4616823245776979,0
0.7157926307644321,-0.513468079096603,0
0.7066622359854751,-0.467561015991149,1
0.6945508540513814,-0.47094305745145987,0
0.6240963592570592,-0.4051271775572107,0
0.68090357573736,-0.38429202036961707,0
0.6227644971998264,-0.4432681942334844,0
0.6683525966251552,-0.43992674996189424,0
0.5201612413107056,-0.396452369902482,0
0.6325461337451884,-0.5029300243151156,1
0.6684474820716201,-0.5131716998575103,1
0.658637482727764,-0.5172627685462038,1
0.6546364847829047,-0.5116553897590063,0
0.5918023435616461,-0.4698396990843305,0
0.6205724556648872,-0.4450761732838999,0
0.4672686057164417,-0.43031841290462536,0
0.47770101770314755,-0.43362357695625653,0
0.6235121222240385,-0.4447237186643105,0
0.6521647650216559,-0.5025924376369072,1
0.6356754237956732,-0.5543724829173708,0
0.6208578772114518,-0.4893656300411559,0
0.5812808458856462,-0.4468742894094576,0
0.523716096688116,-0.4375118282508192,0
0.5602194738624197,-0.4114023793656347,0
0.6492571118427889,-0.32641457357345205,0
0.7221843294524822,-0.40101334414327805,1
0.7401870315347517,-0.3696023742661862,1
0.7166059747236206,-0.4383048784767261,0
0.7945762713349811,-0.4662914637915019,1
0.8019289312234613,-0.4786841166993993,0
0.8142457237546484,-0.44118263915369954,1
0.7840423010225718,-0.4423546128646062,0
0.8382501950406179,-0.5119079028959626,1
0.7975864436495754,-0.5194912224825136,1
0.821168378185012,-0.5030293044921306,1
0.7937125016815576,-0.5587845344290439,1
0.837228246266627,-0.5260340264688111,1
0.8204191385512228,-0.498914680750474,0
0.8027852337008202,-0.5206592494960814,0
0.8295186097275283,-0.4628710375533987,1
0.8268919079630966,-0.4528991194031857,1
0.7918970738911391,-0.4565936485219787,0
0.7490114016695354,-0.3824201022043914,1
0.7440809073446762,-0.38805068136672055,0
0.8036278266934035,-0.37470106347688337,1
0.7650764749863839,-0.33956281249489306,1
0.8204587631753574,-0.3433564224730845,1
0.789427860448762,-0.344603006419358,1
0.8290482324987235,-0.34147614544390215,1
0.8105088812514745,-0.3461104372227744,0
0.8128420873708305,-0.34091378901176916,0
0.8154253228437951,-0.4141064965276321,1
0.7809492925065682,-0.40440147860982373,0
0.8110140437272619,-0.4292042147664076,1
0.793600670281875,-0.41128396148979823,0
0.7451232108539051,-0.4573576518314657,1
0.8415138756488403,-0.44550723194604214,1
0.8178517631309982,-0.4099491385040814,0
0.8238739105122248,-0.5161048574847567,1
0.7504520585335503,-0.425843281480032,0
0.7497166315456857,-0.525593220594708,1
0.7396421392597733,-0.5197932584931062,1
0.689740500649358,-0.4945971300034716,1
0.6940756065633248,-0.49170687825575404,1
0.7126617043467542,-0.5288721677711387,1
0.7023312031336224,-0.5129653498822637,1
0.7473662633034309,-0.4875637367260476,1
0.7236885333811526,-0.49984856949343254,1
0.716443628744388,-0.4944839657673443,1
0.7205582926894109,-0.46770746674675956,1
0.7154845021514212,-0.45251222092943943,0
0.8346285829153186,-0.5048207723624333,1
0.8413644459491704,-0.46506956896234275,1
0.8116539676925096,-0.5049272363796748,1
0.8500864885571483,-0.4825984284933142,1
0.8214892068711617,-0.4964457617373742,1
0.7910482330459616,-0.5089778806410071,1
0.7741735958430347,-0.4826303651068541,0
0.7573942427280642,-0.5351178652593939,1
0.7539886364706824,-0.4969063208151404,1
0.7550709984808922,-0.47429174951203407,1
0.686339745438468,-0.49143278366771026,1
0.6921131516024018,-0.4874130954392277,0
0.6720415149746505,-0.5357595216622775,1
0.658378597395255,-0.5124195978464675,1
0.6865368030147354,-0.5178910350198594,0
0.6947768806198429,-0.4730065064619137,1
0.6992080735700199,-0.5198967788119226,1
0.7023979174072381,-0.4953367498350419,1
0.6730885649906766,-0.4952524455608289,1
0.709966527699422,-0.4520502111675851,1
0.6697970707890075,-0.5073348684002529,1
0.6665840580631949,-0.5094585451229479,0
0.6800614673059372,-0.48608487536053824,1
0.648437676641977,-0.5092797425410852,0
0.7101542393115519,-0.48756551752118527,1
0.6988800808815534,-0.5245693719904706,1
0.7082054324958851,-0.5347812618300074,1
0.736263555168788,-0.5178862670135422,1
0.7102199902380989,-0.5205318280804038,1
0.7365608967974819,-0.5390522851620155,1
0.7527862788034587,-0.568991168787421,0
0.6552324416028084,-0.5536250857889209,1
0.7035155652408269,-0.5323645006973425,0
0.7111394368415465,-0.5611169530033745,1
0.7040675153776697,-0.5665084056200885,0
0.6197740328589241,-0.5380536555062266,1
0.5995562442144733,-0.5588414272808969,1
0.6300250332352899,-0.5962040414419423,1
0.6142943809173111,-0.5400572362603746,1
0.6888062999454039,-0.553680624593208,1
0.6483383727503307,-0.5527915046655826,1
0.6661567982029424,-0.5377395012245847,0
0.6078400522524317,-0.4617684941044522,0
0.5164416640865993,-0.5404959883746051,0
0.5939942805186261,-0.5036939074053396,0
0.6319684522184594,-0.4628802405485619,0
0.6579502285527716,-0.5017625404342733,0
0.6974271264675926,-0.4883022701257377,1
0.7012974933153887,-0.5142755013277237,0
0.6520979982452123,-0.5087170682626982,1
0.6932055662918094,-0.5203636461052786,1
0.6742944136803573,-0.4963927426369936,1
0.7206741294031941,-0.5226362648632231,0
0.6192878203346043,-0.41846020090489333,0
0.7264413630857858,-0.49410898110802015,1
0.7027540458584559,-0.5091635746573118,1
0.7210876752672367,-0.5023946077271966,0
0.6821984078211915,-0.4347612599895778,1
0.7084357175231167,-0.4994102750157885,1
0.727067918809424,-0.44940121084056145,1
0.7031199608995258,-0.4822169586801413,1
0.6804941014917797,-0.4514029397969727,0
0.6762118956462186,-0.4610309274003304,1
0.6543941651275923,-0.4821684730393258,1
0.6679710437104047,-0.47453983683712814,1
0.6905277060132077,-0.4791459712652551,1
0.6937948281645446,-0.4897530995427582,0
0.678289930624983,-0.5901047174639742,1
0.6643004295349918,-0.5977897948734567,1
0.6562503736802259,-0.5470175727766908,1
0.6433840511444686,-0.5490085724559366,1
0.6939932233639584,-0.5646828886267522,0
0.7303962445568318,-0.5814507639610893,1
0.7240112673800823,-0.5371726263396456,1
0.7364906659787961,-0.5563136872799045,1
0.7217920302061844,-0.5356328646502032,1
0.724053594152878,-0.5423086646043839,0
0.727489396894035,-0.4602339905194803,1
0.7266580673000045,-0.4849550911589429,1
0.747222483436263,-0.4832294265301405,1
0.7413315093833646,-0.46833504183916347,0
0.8249923578798668,-0.42042226090307616,1
0.8445399678133174,-0.3986546162241997,1
0.8212472201284597,-0.4236263761258287,1
0.8645236871285824,-0.4486671928464555,1
0.8057080798508648,-0.4447519620008901,0
0.7561432848932419,-0.4544604225096988,1
0.7830624752655638,-0.4422732238854397,1
0.7742278138142703,-0.46328435844656013,1
0.8059983217214263,-0.4404932822427807,1
0.8037298082288743,-0.40306739799110153,1
0.7309994365579111,-0.4324243479673984,1
0.7693786509949536,-0.4416437482247659,1
0.7639944029031082,-0.42215344953112804,1
0.7967824311310845,-0.45606643666491375,1
0.7796945013663171,-0.4685981777395472,1
0.7337334324673682,-0.43679778742453673,1
0.7721978199338398,-0.45623646134030693,0
0.7861196950088319,-0.43417458462442826,1
0.7972369233587455,-0.4100212718645855,0
0.7803517398408141,-0.47438764403803474,1
0.7615547000524776,-0.48909166721098357,1
0.7764549561755257,-0.45141025949957714,0
0.8501040351274106,-0.48882208850589404,1
0.8179105117583492,-0.4898712355287345,1
0.8002365649818489,-0.4941673394607274,1
0.7741448844412441,-0.489262354064888,0
0.785872259799003,-0.4390363894030036,1
0.8130200717871766,-0.4787033038380985,1
0.8048855107014589,-0.5188778656656848,1
0.8239841352147325,-0.5321692102504422,1
0.8359808936768011,-0.5088809557259756,1
0.7853721370106768,-0.5499821303630344,1
0.8348265062661763,-0.4849066684130021,1
0.7925532061495808,-0.47844260390612303,1
0.7782068675443472,-0.4298101313508856,1
0.7914078720196209,-0.4259392543916892,0
0.6897034684637756,-0.500352792325113,1
0.6515464098236519,-0.5067388332048408,0
0.7649219370894657,-0.4436201142267857,1
0.7749628388593134,-0.46436455923176484,1
0.7890416291407556,-0.4654401066939272,1
0.7791672165147758,-0.45697127977130064,1
0.7888570395164173,-0.4707799929289508,0
0.7459592786041164,-0.4684301896241031,1
0.7633370599918294,-0.45779477666966434,0
0.8297887919792043,-0.5008518307998165,0
0.781809752826965,-0.5687024118802683,1
0.7617630327712599,-0.5537021241627246,1
0.7820114927339641,-0.5565369638696726,1
0.7825228808629888,-0.548880352405816,1
0.7552034053147655,-0.5229047890282397,0
0.7298971096265955,-0.5523023308467955,1
0.739263441169205,-0.5463602590991015,1
0.7591284162555252,-0.5397639321522648,1
0.6993770252994377,-0.5153127467912372,0
0.7210249398580089,-0.5809997662565486,1
0.700531465613194,-0.5897725219868805,1
0.7148630669030469,-0.6023500143977879,0
0.6686896341742803,-0.490018099398,1
0.6561464400025956,-0.5361082452574295,1
0.655930908200027,-0.5008138643554831,1
0.7145782491065207,-0.4856446720170817,1
0.6366098934473597,-0.5245620860414874,1
0.6699779570742002,-0.5103758434262952,0
0.6582540604265199,-0.43965409738460004,0
0.7940155352890925,-0.4554449374600868,1
0.7704726259378044,-0.4463484430659822,1
0.8008160979458182,-0.4885259423510591,0
0.7735181774490387,-0.4892004784031861,1
0.7888485858689299,-0.47996330614473187,1
0.7846659655949255,-0.5500767356642887,1
0.7807844098307711,-0.5853159145353494,1
0.8009826966570066,-0.5234612508317587,1
0.7197928278255382,-0.4777959435114465,1
0.7353264733502644,-0.5065587633331564,1
0.7326124225461526,-0.499326318913731,1
0.7169333171839058,-0.5092262047249557,0
0.7070511346272716,-0.5210649638783825,1
0.7061280450238692,-0.488210092959396,1
0.7032022762304398,-0.4946045346595378,0
0.6923037948378973,-0.42407820243537403,1
0.6591076774758128,-0.4790786699511984,0
0.594016141479085,-0.5190498501716378,0
0.6119746333695298,-0.548658369113809,0
0.6169451599074024,-0.5121021161129926,0
0.6416481647899986,-0.48589190463032333,0
0.6659659624726997,-0.49529300200717685,1
0.6850566313980676,-0.4803985304321179,0
0.6894300235854928,-0.4814810992899235,1
0.6933916324334238,-0.4767759273961458,0
0.6989902321138638,-0.5057575534115274,0
0.8000445955929394,-0.5643454074433315,1
0.7636839164171905,-0.5371452127769989,0
0.786167081745888,-0.4785589893659653,1
0.7524372614735936,-0.4703755952201026,1
0.7757168820295252,-0.4653460281487226,1
0.8469668375595448,-0.4858331594669969,1
0.7934538692051856,-0.4949409116649124,1
0.8149993456153996,-0.48561408755697344,1
0.8104908328650285,-0.4992919136936922,1
0.7621137076920363,-0.46027807466966764,1
0.8058055146129631,-0.4319381102048942,0
0.7379974976756623,-0.4955314386798919,1
0.7670624117161096,-0.4868828234962145,1
0.6887064701675442,-0.4848231326753827,1
0.746139357468201,-0.506400586672454,1
0.7378268322328849,-0.5138504693314864,0
0.7634397878423094,-0.4341257311979889,1
0.736567621668863,-0.42664274087443826,1
0.7508623198768654,-0.4726465354034611,1
0.7409297445718144,-0.5089938748347013,1
0.7345101632725461,-0.45864917402787064,1
0.702035278970012,-0.4655973794325561,0
0.7537293769678294,-0.447299385604108,1
0.789152912089542,-0.4322724316416322,1
0.765283462540862,-0.39094504852758005,1
0.8407710717845197,-0.399946555946957,1
0.8073643678682783,-0.380799281916236,0
0.6968188264955961,-0.4539142241633245,1
0.7183271830376302,-0.49194395960073056,0
0.8148530970038905,-0.4706590431338944,1
0.8487383860124353,-0.4708377160579474,1
0.8518319062796958,-0.44773105130241836,1
0.834118710489014,-0.4456424385340721,0
0.7702449489653802,-0.4882223508892228,1
0.7814760911802757,-0.48208427341215365,1
0.8031316250456453,-0.4291037434218637,1
0.774781491992596,-0.4854269223693558,0
0.7171218933819558,-0.5209767350031406,1
0.7495785241252835,-0.5196294744289855,0
0.7380231017390165,-0.473009945752208,1
0.7294457394054511,-0.49432768032220836,1
0.7017765544902793,-0.49889334161182514,1
0.7660356918495137,-0.4929402745967178,1
0.7573089017930619,-0.4742508703813813,0
0.7261438570199454,-0.5516985717325422,1
0.762939559293923,-0.5351827466379471,1
0.7325369705373247,-0.5178437286435901,1
0.7221483608179223,-0.531037084260572,1
0.7583002282907303,-0.5135674662011945,1
0.7618448117532095,-0.5107508289107038,1
0.7525550433535926,-0.5533464793733434,1
0.7792885877465022,-0.5027835056708753,0
0.6350384624994285,-0.596132400200302,1
0.6727587826117793,-0.5895479723325477,1
0.7210096979664014,-0.5483062951673381,0
0.6776370093811995,-0.5812094208760844,1
0.6715537045052391,-0.5811192056303333,0
0.5875282302215077,-0.608099111239658,1
0.5969142319864259,-0.609409371995777,0
0.6324891235268761,-0.6794627605111665,1
0.6523476236592066,-0.6568296227535589,1
0.6239246250697961,-0.6934651630437834,1
0.6190330759719961,-0.6933079365074228,1
0.5780702615357767,-0.6600049280899393,0
0.6325545190806148,-0.6676217080397976,1
0.6225233058552206,-0.7163595490211279,1
0.5597110115573845,-0.6485431933907551,1
0.5698211740466392,-0.7413153353882778,1
0.5922841005259146,-0.7120217595303995,1
0.51600830777489,-0.7199010308351735,0
0.6536775673294498,-0.7349117273704844,1
0.6784344304016783,-0.7122820760373001,1
0.6436309938870051,-0.7300522281977039,1
0.6263403375618882,-0.7151174164920642,1
0.602764391904062,-0.6947108707239911,0
0.5356588614554704,-0.5476618441173562,0
0.48082621581471263,-0.5831841070002839,0
0.4657882647871183,-0.5486347129591367,0
0.46566920708192433,-0.5905960248374699,0
0.4984952208351522,-0.6360277624063918,0
0.4879275823337204,-0.6258053287963488,0
0.5719554485571298,-0.5509269356783624,0
0.5949176994730994,-0.5815282166945602,1
0.622579063830431,-0.5898568238337377,1
0.6126542364900911,-0.5682470459428629,1
0.6189369937351866,-0.5460654283665692,1
0.5731277486029218,-0.573992684438144,1
0.6103247740204214,-0.5882083386272002,1
0.6263030948451668,-0.5838845283063887,1
0.6285763424937224,-0.6022036608075273,0
0.5906266873255311,-0.6021419527703764,1
0.5856036414494186,-0.6163791997798291,1
0.632138354995951,-0.5891214038149651,1
0.6411599448516367,-0.6362848547479112,1
0.6530800284779288,-0.5609608811462656,0
0.726975968961612,-0.5327574662528687,1
0.6862059094804345,-0.545282116422831,1
0.6990693094361221,-0.5987894128870855,0
0.6374525968903995,-0.5520496538716166,1
0.6561720844998065,-0.553602439004953,1
0.6263953187658099,-0.5631761662556382,0
0.6235778683428528,-0.5595809707352216,1
0.649111280179598,-0.535750591540254,0
0.6149002437472991,-0.5843709128187142,1
0.642106656437045,-0.6477152748396005,0
0.6313096590792114,-0.5997247362631637,1
0.5843691368899849,-0.5948285250722468,1
0.5814110287569134,-0.604240631550913,1
0.5879271169916253,-0.6098164985061504,1
0.580590429974436,-0.6084642304938068,0
0.5721030255133044,-0.6156566396637779,1
0.5478468582645529,-0.6345946221019573,1
0.5479102400069996,-0.6566014427805085,0
0.513634987570034,-0.5577409787383787,0
0.4133296208969356,-0.5805883848322986,0
0.428692780223772,-0.5985408032308381,0
0.5769432428969191,-0.6638458724234054,0
0.659902150578628,-0.6654679372021113,1
0.614176792966269,-0.6556949342826723,1
0.6213084388907736,-0.6475118699846404,1
0.6249204546601805,-0.6496341890383371,1
0.6264935004398063,-0.6320862145336339,1
0.643395686796377,-0.6665080685371572,1
0.6293121600834467,-0.6435538333960846,1
0.631742004617384,-0.6318703674110763,1
0.6182473754115212,-0.6131418589222895,1
0.6248917907949795,-0.6342535399684055,1
0.5812515251513143,-0.63546703912406,1
0.5934872516057447,-0.6434188579838717,1
0.6214522842084668,-0.6753774150889035,0
0.538302563286601,-0.6990699118576466,1
0.5347297372914147,-0.6834013004476444,0
0.6338428101392488,-0.7460347251921549,1
0.6056635444319658,-0.7431134086943315,1
0.6168071204238342,-0.7483763924514611,1
0.577324422091776,-0.7332320023582078,1
0.581074508554264,-0.6964230743916776,1
0.583911001386628,-0.6759291704335165,1
0.5762699258124735,-0.6506300890110434,1
0.5672482035386173,-0.6515643951104539,1
0.5832953867188482,-0.6816423148566445,1
0.6068943861432751,-0.6068428358654493,1
0.5867970595575216,-0.6048292544579239,0
0.5056582238617604,-0.5621053854640635,0
0.5116428185845552,-0.6313510737689159,1
0.4961636635271673,-0.6508665653911306,0
0.5623525719881034,-0.6585291688079071,1
0.5281775257205626,-0.6692179097341436,1
0.5568722114282704,-0.644851947671302,1
0.537240646725899,-0.6728515645721065,1
0.5404441632842026,-0.7246998596784839,1
0.5337894442995247,-0.7163797777549734,1
0.5277968388559713,-0.6655855617359607,1
0.5568918710572827,-0.6805903683012104,1
0.5844358455360209,-0.6851027001189742,0
0.5884642549440638,-0.6347068155285548,1
0.5726054656040879,-0.6116737569895419,0
0.5872647257854854,-0.589968852148388,1
0.5654788764148886,-0.5886555162878637,0
0.6269779561990521,-0.6068217396949169,1
0.616805818704972,-0.62229729322513,0
0.613033334071834,-0.6492409206784151,1
0.6131440932785781,-0.5995175491202116,1
0.6273978457269741,-0.5952202301246481,1
0.6094532052204937,-0.5966966711586512,1
0.5658004864555236,-0.5914654995847223,1
0.6044005698218878,-0.5424513009648415,1
0.597232834669357,-0.5532778748984476,0
0.5846183359867516,-0.6218661407548804,1
0.6068956275014906,-0.6168962809393417,0
0.6125253666710457,-0.6187255880109995,1
0.5872352590286831,-0.5748848071147,1
0.6340863389937222,-0.5691301603027374,0
0.6497837845390693,-0.6151838288083695,0
0.5812212868630026,-0.5559585376449363,0
0.6393849281283273,-0.4914476539087088,0
0.677888184223455,-0.4882491731865554,1
0.6660184743545758,-0.5036024010607371,1
0.6881255787193225,-0.5368428832144921,0
0.7069231847620613,-0.5331236039426511,1
0.705527875346317,-0.5100610205237455,1
0.7835301420413989,-0.5277993060407442,1
0.7400263411932388,-0.540995520540318,0
0.7576685048524275,-0.5028281752485175,0
0.7842851740694087,-0.42502171860659677,1
0.7381723049583802,-0.4371715665210147,1
0.7836383112017435,-0.4490757692874236,1
0.7870826129192333,-0.45272699071872075,1
0.7896827456606704,-0.4204337748772824,1
0.7729865081422053,-0.42397815047182663,1
0.7536225676488391,-0.3952827160097826,0
0.7381582226998409,-0.48078869677307046,1
0.7953381338567478,-0.4975991359559808,0
0.7496319768393584,-0.6205158555605045,1
0.7486184903659293,-0.6078428124793601,0
0.6676967932879221,-0.6104294312435352,0
0.6668190615798878,-0.5576548263773806,1
0.6453148819245242,-0.5403011914528556,1
0.662440902965795,-0.5202580420700209,1
0.7217899080175677,-0.5969813036690783,1
0.6876634669445318,-0.5710911004102577,0
0.71653979690959,-0.6314277777633184,1
0.6814306251510909,-0.6597130710334339,0
0.6796472117049878,-0.5720486800779718,1
0.6787617542110982,-0.5990066654470936,1
0.7687397550875188,-0.5953221822339914,1
0.759007222077003,-0.6238912833257706,1
0.7403984558862093,-0.5624248170902684,0
0.6347487768388199,-0.4968467636600371,0
0.6417901600154756,-0.5240658665104566,1
0.6348307954516067,-0.5243516112724905,1
0.6702229848870925,-0.5540583269736008,1
0.7184824388119438,-0.5461099188515053,0
0.7557428113330983,-0.46333673274078824,1
0.7569137756541048,-0.4880168041407811,0
0.7466643524239268,-0.4653207019946965,1
0.697649542402124,-0.460559157695535,1
0.7178185399600948,-0.45454492636815785,1
0.7503856726603078,-0.45707615218954595,1
0.7019436176027134,-0.4554689504072043,0
0.7291715428136752,-0.4347261174900127,1
0.7001944673672886,-0.4754162866491153,1
0.7131382434043951,-0.44688197877208613,0
0.7016359164074556,-0.4371987488398846,1
0.7142054087526606,-0.5147699634801731,0
0.6373227006232849,-0.3558605032784251,0
0.6054779872841224,-0.34911458381528077,0
0.6104911983468188,-0.3386039658169878,0
0.6233892091961617,-0.3419306340192272,0
0.6419210379498375,-0.30389934033741434,0
0.7422165670742873,-0.3874447727485296,1
0.735959166995717,-0.38531570102069557,1
0.7346499193562978,-0.416641070260096,1
0.7243873578608208,-0.44394941627598,0
0.7581607708334337,-0.33634738393264935,1
0.7956383084397316,-0.3345772871938296,1
0.7962779425782396,-0.34240839866061956,1
0.7735975797010297,-0.31703305886609917,0
0.740288367594241,-0.32749795643618623,1
0.7387458948237626,-0.3570468579393053,1
0.7339252675668249,-0.3472363532621356,1
0.7201788799038453,-0.37525701101799236,1
0.7307585406403596,-0.4011831804045265,1
0.7324323744771771,-0.4290685541977396,0
0.72498612030184,-0.42535771779945775,1
0.7352178088351431,-0.37580606862373633,0
0.7294724509625559,-0.4386517620280845,1
0.7061202240952278,-0.4373722922242474,0
0.7186867326257419,-0.5001503143701553,1
0.6731929828832462,-0.503819206358591,1
0.687118048180981,-0.49758353425093205,1
0.703337430640114,-0.5267771316036893,1
0.706039954153949,-0.5100555308589629,1
0.7371607380282467,-0.5271217966713007,0
0.7827413997855972,-0.550160952920341,1
0.7165896867500918,-0.5597993016068524,1
0.7600592252019138,-0.5424194303655082,1
0.7868005755864304,-0.4854260134031839,1
0.7403197741138031,-0.5279518365394941,1
0.7203270053142958,-0.5266467089004333,1
0.7405498327450485,-0.5346343160052146,1
0.6907525989757529,-0.5354910980731685,0
0.7196808639044432,-0.494753796120805,1
0.7404619730137311,-0.49158529411466206,1
0.6909971174285238,-0.4796306912493406,1
0.7256475990828525,-0.46013575027169545,1
0.7517900770517942,-0.4339176347858097,1
0.720982724280581,-0.4516959697630189,0
0.7313700652786121,-0.5892573403462346,0
0.747159970789677,-0.5343968455519083,1
0.750163840230737,-0.5532432274413193,1
0.7475218054269006,-0.5188071749250369,1
0.7314910423532324,-0.5070344678915142,1
0.7543084805385177,-0.5469712695512536,0
0.7574896043240825,-0.5390623909776395,0
0.7068834089173714,-0.43938054752822586,1
0.690627834714855,-0.4567563036970874,1
0.7498991292032872,-0.43849578708539827,1
0.7415264040556256,-0.46935786103493893,1
0.735762650427254,-0.48240158226001423,1
0.7502373355106402,-0.4705537163023432,1
0.7338877071171116,-0.46153589975957693,1
0.7532798540561315,-0.48570180169681576,0
0.8101330803230413,-0.3951299003598697,1
0.822481658714044,-0.4009535867275339,1
0.7849575202377069,-0.4002749825570956,1
0.779108143322507,-0.4132883029777862,1
0.7724106428673959,-0.41287056600883176,1
0.7811126994989548,-0.3967101062493763,0
0.7811812654589093,-0.36016483381510744,1
0.7797161831698227,-0.3451770649198515,1
0.7906036228884542,-0.36475848968796937,0
0.7517247368670958,-0.41005602290857435,1
0.7275068389805324,-0.42454132640537695,1
0.7811565872529668,-0.41504220185122875,1
0.7530132707454342,-0.39315436349312255,1
0.7622492178835921,-0.3969663500527561,1
0.781387208835882,-0.4215898485723628,1
0.7787634017204692,-0.4291044862337322,1
0.7747155814471884,-0.4494470879428049,1
0.7721012760614773,-0.39292562439055745,1
0.8009998729761221,-0.3965210883020436,1
0.7660940935520861,-0.38009836567652955,1
0.7540934639771741,-0.3621470509319821,1
0.795525519562324,-0.32263246573317866,1
0.7456746223599015,-0.3239468435815615,1
0.7578473085320891,-0.3551832084656241,0
0.7777253292476959,-0.40213779207218786,1
0.7573076751920754,-0.44990611006112613,1
0.7514485947754805,-0.4586973205558319,1
0.7755348155374951,-0.4330452231347166,1
0.7703131629897061,-0.4440921055409308,0
0.6620668128438842,-0.38610856560816187,0
0.6167923474469631,-0.36177530606222663,0
0.692609970274157,-0.3645896504354082,0
0.6286251238876477,-0.45402234241800676,0
0.5916205348377988,-0.42185939656337196,0
0.6516001087503662,-0.444005775575027,0
0.6950121823391242,-0.48756865221040013,1
0.7215588148312417,-0.4070421243433986,0
0.6932005245047931,-0.4622615329361357,1
0.6933020481165564,-0.4511271863464685,1
0.6809218199205503,-0.4337131046671173,1
0.6766159627953562,-0.47777000337056347,1
0.6840605075108016,-0.48902975995199083,1
0.6964544028072089,-0.48956490174048933,0
0.5810925436580962,-0.49254068060509226,0
0.5796066484810682,-0.5272633123809849,0
0.5351634546268963,-0.5549082077804292,0
0.626450800081874,-0.5065819618085808,0
0.5938606151656358,-0.45823807288253093,0
0.5698463255278424,-0.5199568663589021,0
0.5450640318504588,-0.37791508915058825,0
0.585497706964135,-0.395879154302426,0
0.5348073357627887,-0.3552955918001696,0
0.5532282500277143,-0.42501695106891035,0
0.502831620207667,-0.4083538058624503,0
0.6219221322300508,-0.3803727259885024,0
0.6203398556713694,-0.43267315264891093,0
0.5774865463016842,-0.3018234500466403,0
0.6122851603640094,-0.37790913231399026,0
0.6230156788124811,-0.411183075581477,0
0.6118067692910805,-0.40260742587579235,0
0.5473675527765154,-0.3777503346990121,0
0.6565726753104895,-0.3580601634667294,0
0.6480730391164823,-0.433589001453588,0
0.6557480778526437,-0.35933504375716385,0
0.7411478836306551,-0.23945210304048992,0
0.6907097777009003,-0.3873806846051521,0
0.7951085560051534,-0.29052682452802814,1
0.7529863312952562,-0.35610066776384286,0
0.7571271607522145,-0.21794526716508944,0
0.6704847499981326,-0.14119153444048227,0
0.7313061521715938,-0.12086336204623875,0
0.7420811357281483,-0.18463819745425142,0
0.6096167760789326,-0.05049916327571602,0
0.6994858828580562,-0.1182088910339407,0
0.716936310857411,-0.16936133794383687,0
0.7181117943586647,-0.22716977133683622,0
0.7829257948301589,-0.28932398218030686,1
0.8141455276085316,-0.2576473485962713,1
0.7922203646234147,-0.2748909832332536,1
0.8016206361523643,-0.25345923374543466,0
0.84454363231004,-0.2986956428930982,1
0.8441647169661358,-0.317397757091726,1
0.840273603639641,-0.25727908514157855,0
0.8249365060296342,-0.39942024612759663,0
0.8523514733647087,-0.4416029401857417,1
0.8628654522150404,-0.43436841116207386,1
0.8463947745590791,-0.45622133782868635,1
0.793416205700212,-0.4868106255588105,0
0.633870043476569,-0.43451783591592946,0
0.5843828490078149,-0.4254190449787933,0
0.6349426998914538,-0.40109619695716714,0
0.6553875408623434,-0.5055393969171091,0
0.6549759227613041,-0.4664142535996941,0
0.6727387809290492,-0.46130463855352194,1
0.688693319304726,-0.45459519928833286,0
0.6907931929557781,-0.48110802827721116,1
0.7130870303645084,-0.4711523092085117,1
0.7131937359235893,-0.467506138232398,0
0.7340058293754312,-0.45902792967044304,0
0.7842847780710688,-0.5418375444788428,1
0.7574993479494834,-0.5738810946951561,0
0.7000057123488476,-0.4616479288571036,1
0.7330229729104114,-0.467057027341883,0
0.6800612431529701,-0.4387873232308598,1
0.6918150198982772,-0.43093418041568027,0
0.6974441064083272,-0.44882259055652246,1
0.7460928925798327,-0.42462114971830694,1
0.7254401572027144,-0.40318723948312524,1
0.7028251893396298,-0.416913291011495,1
0.7111690006972318,-0.4520881230288305,1
0.7385052680989581,-0.4108313351515351,0
0.6503420244965604,-0.41314430851810213,0
0.6125207184726142,-0.42828527950404593,0
0.6476120672026122,-0.3108400753377225,0
0.7098442345561365,-0.2913658712634481,0
0.6242325942082123,-0.29031235425941165,0
0.6353233015074893,-0.20358420634740027,0
0.6215361798755639,-0.21081905595413367,0
0.7409482272712096,-0.24668462043184589,0
0.6326048325637994,-0.3125835644056575,0
0.6155589917662423,-0.21105016325374248,0
0.633300923359103,-0.2871276057161192,0
0.6780640364704228,-0.38143504845787457,0
0.6585171614565889,-0.3666595398109508,0
0.5746354363628436,-0.34182010912537986,0
0.6971187828585687,-0.4019093290843662,0
0.6849563860915305,-0.3936658319798213,0
0.5590067501752116,-0.390934096439492,0
0.7302454836994607,-0.30197951494618075,0
0.7136426805262258,-0.326033928630615,0
0.7115265665868657,-0.4265476090629896,1
0.719619154932724,-0.3949184904247861,0
0.5943563632750081,-0.4283524812012123,0
0.6757581945324983,-0.41601560649664654,0
0.5948565303978944,-0.48587205102011455,0
0.5114649209316435,-0.5366032918267775,0
0.6662551156483538,-0.5273725061209892,1
0.6511478465523138,-0.5319243841644452,1
0.649787758678603,-0.5218283368756593,1
0.6315892628176403,-0.5025245292863885,0
0.6062638356848107,-0.4609919565402749,0
0.6791355828895924,-0.4676516409862808,1
0.7408603640943316,-0.4576770002623214,1
0.7124180190861003,-0.4441313567992112,1
0.7464972846620194,-0.4108978420843827,1
0.6954538381330644,-0.4939055761447079,1
0.6973965748638474,-0.5032695723849259,0
0.7083421678415877,-0.5261780488525423,1
0.7109315851988409,-0.5012316351796403,1
0.7013279102327744,-0.5272212088644348,0
0.820131919790279,-0.544790219928568,0
0.668888035470834,-0.5033614224185589,0
0.725774688029089,-0.4970445578553376,1
0.741989291422582,-0.5316906638651739,1
0.7598565112779588,-0.5036992893620835,0
0.7143252227727532,-0.5143012588690543,1
0.6609219229099575,-0.5071994244727445,0
0.6530638689951274,-0.5279323355024446,1
0.6577474100407299,-0.5142602047176512,0
0.6335714069360564,-0.5927086201125421,1
0.6517789303998848,-0.5585302660348693,0
0.6500840440653968,-0.611504354225709,1
0.6701427239835599,-0.6298677439783221,0
0.6293538248022442,-0.5761086691276798,1
0.6253491652190158,-0.5644317024090215,1
0.6250678643749981,-0.5839355383226832,0
0.7114354398912338,-0.6124029046351425,0
0.5973803596548711,-0.515759989644007,0
0.5816141154066105,-0.6266089674498349,1
0.6237304140310896,-0.5891686590519887,0
0.5887776252989148,-0.5564366895496782,1
0.6173845517393381,-0.562114320147038,1
0.5766333531566695,-0.5696320182377212,1
0.5696357753026279,-0.5965517406265625,1
0.5881277974242272,-0.6426679699006551,1
0.6242080110365711,-0.6302981694700125,1
0.6627057987170336,-0.6408062383958006,1
0.6356100165465929,-0.6326704774957075,1
0.626405980567053,-0.6488625042380592,0
0.6139347516187832,-0.6353368478742356,1
0.637885093461631,-0.5842451943327825,1
0.7022128911951342,-0.6078878377053676,1
0.6351530109666175,-0.5951480984057336,1
0.6476684324508009,-0.6076628100018701,0
0.644843230510152,-0.6578151404973829,1
0.5842861671857682,-0.6495711669874342,1
0.5699815997769487,-0.6094518391353766,1
0.6190769712526694,-0.6029775937393189,1
0.5986307881117682,-0.5974897778623122,1
0.5828572811468129,-0.5925551917736976,1
0.5829457925440773,-0.6056653552275773,1
0.573836733291281,-0.6170408200938368,1
0.6027887616686958,-0.5958363077951644,0
0.5679110503305058,-0.5342912231342041,0
0.6796399654094976,-0.6396653876793649,1
0.6086441731625316,-0.5814740482970016,1
0.6159443800244845,-0.5827492413003517,1
0.6033799978090144,-0.6215713351548187,1
0.6284065019745788,-0.5672768224495274,1
0.5973367359173604,-0.5760829351524901,0
0.5952963442071385,-0.6312341248376983,1
0.6292175742156942,-0.6292297711822024,1
0.604121206684968,-0.6555668479564174,1
0.5714341717669237,-0.6788481166680455,0
0.572091780766687,-0.6394786773051213,1
0.6533625119233151,-0.6689895860257321,1
0.6109382332242054,-0.6716720829925679,1
0.6139591152644495,-0.6786614104094076,1
0.6130791588620386,-0.6530711531728254,0
0.6296939403826488,-0.7285226537293167,1
0.6377525042159323,-0.7280345349657377,1
0.6145687467253518,-0.7241840445718476,1
0.6048767702222966,-0.6998896170002593,0
0.6459817921410733,-0.6859883681808717,1
0.6813600417561023,-0.6878258035002831,1
0.6297645476209051,-0.6618730052090103,1
0.6709546490455794,-0.6733844929281748,1
0.645741195718966,-0.6936085196491265,1
0.6465745859352567,-0.6933298654460957,1
0.6471736140044954,-0.7053827423831449,1
0.606218080187733,-0.6434810260395898,1
0.5895604198159095,-0.6684825842344397,1
0.5913529008370337,-0.6658561171625618,0
0.5939298798466768,-0.611730287348617,1
0.6232510052413391,-0.6169176920448693,1
0.6314974207419831,-0.6659130577685209,0
0.6011190619911497,-0.7389664060987436,1
0.572976623234152,-0.7522737097707918,1
0.5596698833094832,-0.7624573266563328,1
0.5851557578893615,-0.7383937884092339,1
0.5672252424113677,-0.7367444988388315,1
0.5883698522501221,-0.7433660791849345,1
0.5893628279020635,-0.7399486728581538,1
0.5762244730392534,-0.7940772027885762,0
0.5401415999454464,-0.6586419316524129,1
0.5684004814953455,-0.7041373815973168,0
0.5124593942457046,-0.737265802729391,1
0.5263545917712343,-0.7570140329755322,1
0.5728148558636875,-0.772135449837814,1
0.5490921841582378,-0.7367290578052194,0
0.44064760228559363,-0.797773463362041,1
0.47698928293094367,-0.7600095192436847,0
0.4121337083224685,-0.7420481727449971,1
0.4676956042119045,-0.7447318607462157,0
0.5244008887954058,-0.7778877913303426,1
0.5187136718050369,-0.7530005819095023,1
0.49938226654965595,-0.6930222107865838,1
0.5368404786648122,-0.6718810739464454,1
0.5261487091024791,-0.697082828761107,1
0.5101138465634852,-0.720827211714148,1
0.4529501285675491,-0.7366569104844084,1
0.4641528889534526,-0.7125011659686837,0
0.5649365470339275,-0.6035721572101422,1
0.5426569854126598,-0.6588160694715788,1
0.5596362774532315,-0.6724439187344544,1
0.5631749214457716,-0.666453712503791,0
0.5676987574853128,-0.58390457594838,1
0.5877272370460349,-0.631994284310731,1
0.5736103400957041,-0.5781409203770007,1
0.5638315033616104,-0.5935905799005086,0
0.6573019710711869,-0.6333445059879802,1
0.6228780927770862,-0.6689199642077422,1
0.6502622850439514,-0.6372863722214139,1
0.6724502100222666,-0.634323788007559,1
0.6531564626940674,-0.6607397915652928,0
0.5431677731744012,-0.5556563461621697,0
0.5023455715193055,-0.6437212733680555,1
0.5695770418845865,-0.6308521638107255,1
0.5994614112910757,-0.6355716998495661,1
0.6505825958516869,-0.6333021864442656,1
0.6472886505252923,-0.6341524781385125,0
0.5823086984417668,-0.637883584336429,1
0.5602036867667607,-0.6734828779716063,1
0.5624961905180307,-0.6558627398238002,0
0.5070104673150116,-0.6696015194126649,1
0.5430796614739819,-0.6599351074653624,1
0.5093285071192958,-0.6583922639935854,1
0.5689575413161853,-0.6952490022603274,1
0.5272605422305131,-0.7358979616838301,0
0.5683339218420432,-0.7094134930828818,1
0.5797675374740989,-0.7149420261830023,1
0.6043619622247371,-0.6678598858405459,1
0.6127121297124021,-0.669275655116835,1
0.6054629074958637,-0.6520858541495611,1
0.6034176204571362,-0.669339856011425,1
0.6045541038394219,-0.6528022839014749,0
0.5601406089772278,-0.6011223422098408,1
0.5968196140925619,-0.596985868362506,1
0.592039796593197,-0.5534231878159575,1
0.6106470068613603,-0.5745354258415313,0
0.5414751731317131,-0.5547103343966495,0
0.5930700753018183,-0.5417906095582085,0
0.547589010797933,-0.648836959950379,1
0.5742781136637738,-0.6335121515133999,1
0.5553233487051501,-0.6549799398466891,1
0.5443508303946896,-0.6178260009043585,1
0.6002453744551032,-0.6033007451841318,1
0.5984296920952858,-0.5932395956078569,0
0.6890251107665327,-0.6110318429053975,0
0.6963503184837659,-0.5940875672780098,1
0.6412635778683021,-0.600717315532184,1
0.6793625691293457,-0.6346003682666712,1
0.6563741087437454,-0.6305254835363108,0
0.6303687092512507,-0.6410001739120655,1
0.6770675111330808,-0.6152982234507726,1
0.6560575429130371,-0.6234968186125858,1
0.5856849883849473,-0.6211520288982372,0
0.6140131506044522,-0.5607738625863974,1
0.6301373279811592,-0.5670791262835582,0
0.6980704321555935,-0.6464468209180301,1
0.7530412106743611,-0.6315572779624246,0
0.6485378184053238,-0.6056320695486651,1
0.6014994121360949,-0.6050493427768272,0
0.6310939882629485,-0.5623811916403845,1
0.6586358552262924,-0.5567273088518003,1
0.6380821145795337,-0.54752765548864,1
0.6747846293418929,-0.5360161158670096,1
0.6555637428602132,-0.536214565548867,1
0.6760546880787438,-0.5480040534745857,1
0.6797025864812509,-0.5458334566369666,1
0.6669590461890652,-0.5863422060135096,1
0.6404166994534176,-0.58611932859497,1
0.5967354131514818,-0.5589834831726743,1
0.6059186749981825,-0.5412273467948527,1
0.6537502373041614,-0.5406612551443467,1
0.6709075408628891,-0.48185040114512007,1
0.6983601286614389,-0.5515874664698025,1
0.6954259554336409,-0.5716361109612559,1
0.7074235316745072,-0.5157921592948611,0
0.7330827830265164,-0.6311999136055719,1
0.7296911258649473,-0.620930047748649,1
0.7138472900785223,-0.6347086273940483,1
0.6577422190512939,-0.6361568518131785,0
0.643543343410226,-0.5819786320798388,1
0.6293918090937058,-0.5820634241033835,1
0.6709213260526861,-0.545882495134851,1
0.7000485338721398,-0.5627661739840344,1
0.7584527667206463,-0.5787498652047562,1
0.6961378114833991,-0.5215363489486483,0
0.6918485975089259,-0.44275020457014125,1
0.6850660065366214,-0.4569892924659299,1
0.649548582590328,-0.48140576101734994,1
0.6521837113230015,-0.5057518604689137,1
0.656949249602251,-0.49257773749893524,0
0.7030157091343574,-0.49293432373126583,1
0.6953232207623673,-0.5138452915745335,1
0.712038926633844,-0.49186189410926345,0
0.7119770374771164,-0.5152289166534378,1
0.705977803811189,-0.5090013186088566,1
0.6816236811439187,-0.5220007965545855,1
0.6975871564636208,-0.5321633620578089,1
0.7198643414695146,-0.5692820757111157,1
0.7139670203928603,-0.5686233137848772,0
0.6826301855980088,-0.5690673093983221,1
0.6933555084094816,-0.60432032630919,0
0.6392881257627987,-0.4893720953554847,0
0.6732268106764097,-0.5803136923523715,1
0.6783717992415769,-0.5590962057724959,1
0.6610770163340444,-0.5526184862864884,1
0.6840744618313026,-0.5429615712138778,1
0.6962395362966307,-0.5915786266527862,1
0.686607518546514,-0.5420232123698785,0
0.5978184248306528,-0.5812152638934549,1
0.6107010856205057,-0.5992165907756791,1
0.6407319635000731,-0.6003197055902928,1
0.614064748489814,-0.5489051376624566,0
0.5833999500215373,-0.5153018354095842,0
0.5888821770574283,-0.6406574377357459,1
0.5871827327492414,-0.6422616803167616,1
0.5497683189218772,-0.5916926959594082,1
0.5397784584886545,-0.6149996263254096,1
0.5238173745716664,-0.6148764130804946,1
0.543934639518333,-0.67453664392974,1
0.5867316733571919,-0.618535682929682,1
0.6081914529788023,-0.6534232288215848,0
0.5676944619871473,-0.6053034505733736,0
0.6161815942424148,-0.6666193562600211,1
0.6241431108605219,-0.653977635664059,1
0.6551456199161134,-0.6703075676461696,1
0.6160062799639692,-0.6644063194908456,1
0.5838537730714173,-0.6929200494291667,1
0.5849410768688471,-0.7196399530420344,1
0.580036634431468,-0.7243362968966524,1
0.5764815195430628,-0.716371147866449,1
0.6241115902663221,-0.7121385030460626,0
0.47203364743420084,-0.7199275383422215,1
0.5010602076814573,-0.7279538585095411,0
0.6230189392213117,-0.758310138166718,1
0.627539279411205,-0.7307668254254249,0
0.4933207263105201,-0.7407372298895645,1
0.5415769602860295,-0.7171980031611541,1
0.561488210200143,-0.7420281910357635,1
0.5466365579661294,-0.7437849187929415,1
0.5491701427609653,-0.7435759299252148,1
0.5131793384358401,-0.717590284061801,1
0.5640918016287151,-0.7257211726177554,0
0.6463757680063641,-0.698466199079371,1
0.6130280708366525,-0.7022310403396635,1
0.5970050506353362,-0.73760545641289,0
0.617390153246063,-0.6518636420435278,1
0.6680904898054562,-0.6717435985687478,1
0.6800445853401259,-0.6443649911545148,1
0.6476902339697903,-0.6500741497769876,0
0.6225616154267996,-0.5652128900729622,1
0.5906900124347894,-0.5586335982682422,1
0.6236063829178695,-0.553535250413661,1
0.6192364892132459,-0.5228882958425822,1
0.6503346769268151,-0.5651325511301332,0
0.7002235814359519,-0.5337102548278992,1
0.639021704057727,-0.5337206745442774,1
0.6732024282140392,-0.4968370329022562,1
0.6395419854809286,-0.528979584540398,0
0.641074462720555,-0.5963392914078725,1
0.6563867072941766,-0.6265611055249783,1
0.6514470774787909,-0.6460624625528631,1
0.6227945760889545,-0.6978778910280409,0
0.6340003294237495,-0.5945651936043767,1
0.638406123549207,-0.6187754339289823,1
0.6260995365827895,-0.6479374810245513,0
0.5794639482064057,-0.5643511718345532,1
0.5974336351291014,-0.5680913097682652,1
0.6475687401015412,-0.5865514985891455,0
0.6170504949055029,-0.49021205667854545,0
0.6399134655085826,-0.4538284884589471,0
0.656812720973855,-0.5222506179473124,1
0.6536283068118859,-0.4874884677914515,1
0.6588700103952014,-0.5220550737851409,1
0.658577102447023,-0.4852875548607087,1
0.6820162751128747,-0.4791086559923794,1
0.66621586601834,-0.4918868640398782,0
0.6085172185612219,-0.49546289331530474,0
0.6343577433845691,-0.45116955240630624,0
0.6748022340986118,-0.5475777484072847,1
0.6961891675686476,-0.5186614159630433,1
0.656312219266804,-0.5489290030594743,0
0.630785799429399,-0.5476793404231575,1
0.6299075519979069,-0.5205425593397981,1
0.6823496929636675,-0.5321829162695584,1
0.6668651214234107,-0.5178754528368437,1
0.6658331649560679,-0.486670449748218,1
0.6477892342333377,-0.5132333953245264,0
0.6789429923991732,-0.5397597284246785,1
0.6483974598817288,-0.49048336530415454,1
0.6784656884263104,-0.5063283011350763,1
0.6748015664911612,-0.5094888767553212,1
0.725531468889823,-0.4682516364675229,1
0.7019143316614226,-0.5112428101380597,1
0.7383923491364156,-0.5081390532156518,1
0.7048200634000075,-0.47285577992945105,1
0.676025913389836,-0.5236219590065531,1
0.6564026598680347,-0.5221700036705593,1
0.6710923679246347,-0.5146534088354947,0
0.6123975438188846,-0.40221983575117076,0
0.626222516107143,-0.4941044980145899,0
0.6616425430776898,-0.44548775518859235,0
0.5455593289037836,-0.464436991936668,0
0.6194235064938897,-0.4984741691965531,0
0.625712065987263,-0.5001733054983449,0
0.6123916935723974,-0.5701947774955338,1
0.6255251087648523,-0.533942404840365,0
0.5441653995601593,-0.4515768554513678,0
0.48421580263991326,-0.43576917064101833,0
0.5417554866080653,-0.503449472920595,0
0.5225259025808572,-0.44524454258111296,0
0.4327375749462547,-0.5468696040101718,0
0.6072945058775726,-0.45179075196514007,0
0.5161407192981398,-0.4827839522930419,0
0.6524173316203572,-0.41728372324043783,0
0.6292056549801487,-0.43012797348649207,0
0.6164886024231336,-0.3363522911292551,0
0.5745563736171204,-0.36375763718077114,0
0.7477232135017987,-0.35531986344308186,1
0.7462632337217535,-0.3474759953309394,0
0.7170612937323271,-0.399618756984195,1
0.6981347232792446,-0.44488465987375325,1
0.7120651379442449,-0.4393777432214246,1
0.6901265405816114,-0.4539318452775706,0
0.6957899499266675,-0.4612788133896933,1
0.7059772301063854,-0.47147673777358784,1
0.6950658585951651,-0.46757577723363597,1
0.6792137663393027,-0.5315366099518462,1
0.6892761925512373,-0.5443567160236149,1
0.7059700103902862,-0.6086890411017654,1
0.6935983786347896,-0.5516515124472978,1
0.628534323486177,-0.5237579726471998,1
0.7042541641717092,-0.5430393906432853,1
0.6377500465752143,-0.5904631132021558,1
0.7083136666946829,-0.60009395141014,1
0.713732963453576,-0.5286906106419257,1
0.669052243547042,-0.572961934682773,1
0.661433416405023,-0.5414791057768397,1
0.6764281048305244,-0.5588215644172866,1
0.6309350972047707,-0.5533976846808253,1
0.6370219307739811,-0.5491117902868534,1
0.645626719693365,-0.5245981833549643,0
0.6001745619334177,-0.5101964086939893,0
0.5807190083451483,-0.5531294859010631,0
0.6306970556926245,-0.5210388298707653,0
0.546503999267985,-0.5053736878707554,0
0.5438266397070456,-0.6088230859808833,1
0.5996813522831718,-0.5769591539745971,1
0.5333542821815237,-0.6179886966292185,1
0.5959734631825836,-0.6287446277373598,1
0.6090054125603191,-0.6602159368955873,1
0.6750343788595226,-0.6594611048575225,1
0.6522995900763984,-0.6114450888200016,1
0.6480733042502043,-0.6097279920173228,0
0.7143656123369782,-0.6298929639847249,1
0.6910503402537514,-0.6133576414931234,1
0.6930890842386009,-0.6681775192483153,1
0.6473215379882068,-0.6922469567456483,0
0.6236529072622209,-0.6045916750620329,1
0.6758277858898969,-0.6353193334557018,1
0.6398434517192795,-0.6246251111684217,1
0.60700547131495,-0.6405505134757816,0
0.6697431481258284,-0.6217051563702196,1
0.6736435755075015,-0.6220580878023066,1
0.6746326679941916,-0.6038407414386429,0
0.7044370575232722,-0.6227445494781096,1
0.6587189705999794,-0.6457052025992869,1
0.7040402365777205,-0.6274333907634578,0
0.6793182694324504,-0.6363476192846258,1
0.6289159173838264,-0.6676693406035495,0
0.6874775108902534,-0.5126613107194036,1
0.6715456526651482,-0.5048805526839832,0
0.7134049077507479,-0.5234929386399322,1
0.7161636736336926,-0.540120447835539,0
0.7132125190756672,-0.5349563881800461,1
0.7314090934909762,-0.5276396389243745,1
0.67322948278542,-0.5821311924341093,0
0.6279368468873252,-0.4816039664149736,0
0.6501446266224036,-0.47739499043606165,1
0.6799397745007514,-0.5807962168354385,0
0.6614575948542765,-0.5373626040437635,1
0.66611425943355,-0.5309277116579934,1
0.6870693943727091,-0.542331072072433,1
0.6414964668463654,-0.5523402497302995,0
0.6798047511225424,-0.5604856338975477,1
0.6550853056894416,-0.562650082853157,0
0.680593194871062,-0.5224038640971272,1
0.6704086258614597,-0.5268649345741213,1
0.6464876633884125,-0.5443769568769736,0
0.7022497966473769,-0.6283244687518603,1
0.7286016857068154,-0.6125145323562284,1
0.701222853282066,-0.5957777626307542,1
0.7207497619002462,-0.5938961199347849,0
0.7238898758648215,-0.5895847449594219,1
0.7479039107982116,-0.6274744014779239,0
0.7426641227788734,-0.5706288048300723,1
0.7536360566203433,-0.5432888851449277,1
0.7311281229921668,-0.5764850257983223,1
0.7715341220086781,-0.539741350141121,0
0.7084585954659242,-0.6125717804880855,1
0.7095611949879574,-0.5859370069649602,1
0.7127600023245155,-0.6149626411624427,1
0.6867724651684937,-0.629614177053038,1
0.6502596183062149,-0.5940060026026726,1
0.6735258707055646,-0.6204728605174581,1
0.6984021479095106,-0.5833252994194331,0
0.675074611011503,-0.617617754093634,1
0.6745492612501598,-0.6299131539767043,1
0.6779648355674417,-0.6502550320365711,0
0.6314692110007046,-0.6374941977023877,0
0.6351403079370828,-0.6440725991944631,1
0.6155563165035128,-0.6097968317084762,1
0.6288300189811465,-0.607129351132748,0
0.6011499946911398,-0.603098820744666,1
0.595022258483989,-0.6196777584383556,0
0.6017151146216226,-0.597133938262351,1
0.59875319516708,-0.5576963445535965,1
0.5834600406094871,-0.6119454058341229,1
0.5964384985443771,-0.6460762800475165,1
0.5737723912317868,-0.6508025901576183,1
0.5700494614567447,-0.6275081785805593,1
0.5702465191824972,-0.5885224786196105,1
0.5276693478206785,-0.6257127934522189,0
0.4891120095749106,-0.5518276972388252,0
0.579598299258531,-0.5672120679966359,1
0.565768256886026,-0.5921229584106351,1
0.5646796480772729,-0.5841134057856816,1
0.6027254806471003,-0.5670952317797049,1
0.5956575084242094,-0.60993405588164,0
0.6239440980089033,-0.47940761071795224,0
0.6261873613708628,-0.5314676153898626,0
0.6806309293884165,-0.5528114411537346,1
0.6222845285043913,-0.567657146198583,1
0.6594591456417452,-0.5832344837319853,0
0.6650742911084415,-0.6614590431040389,1
0.6314265717277393,-0.6225950003773781,0
0.5457709131845798,-0.6538469243171438,1
0.5406301053686039,-0.6909341249271365,1
0.5723710367919909,-0.6977806401773133,1
0.5574156705149919,-0.7242206001652847,1
0.551545716294174,-0.688997573731763,1
0.5870085347497737,-0.6833280913900736,0
0.5524488267339522,-0.5828225956400936,0
0.647227899206323,-0.6533069485104768,1
0.6780747285719559,-0.6476764541969164,1
0.6384288940892486,-0.6648639345562272,1
0.6774881667902835,-0.6569955751482064,0
0.7283030710944204,-0.5942023417251865,1
0.6686473685631517,-0.5924993845073092,0
0.7908603169893323,-0.5360724666429791,1
0.7586275534463638,-0.5345057432279197,1
0.7499521282529198,-0.5623039766010102,1
0.760766182833871,-0.5293562569627537,1
0.7964719462484605,-0.5143014727337746,1
0.771160722922689,-0.5572108691280451,1
0.7745409685730069,-0.5509638911154525,1
0.781488513148424,-0.5276005055489434,0
0.8193847735956249,-0.5107793699190898,1
0.8035840769305043,-0.4997609124155283,1
0.7814188835342738,-0.546734496995962,1
0.8130328829796881,-0.4802515658176588,1
0.7917847170507979,-0.5368390166437709,1
0.7720010133705497,-0.5295422068729279,1
0.7826839603929726,-0.5289962543662471,0
0.8650799134879504,-0.383407911945545,1
0.8752368325387742,-0.39686255862164604,0
0.901022177527021,-0.3857781097445645,1
0.8273498283085802,-0.4133069519638707,1
0.8202349843386645,-0.38789512965047296,1
0.8413695846289206,-0.41955781166400496,1
0.8144106429531,-0.41701398904950615,1
0.7892896452981081,-0.4031332461780747,1
0.8728731337795345,-0.4225303109653352,0
0.7688556999323676,-0.40549539713792493,1
0.7571079018705641,-0.40074541238835043,0
0.7577158409530573,-0.4526871985862828,1
0.8134363122303225,-0.44709187583316995,1
0.7948689851219605,-0.4389978573334759,0
0.8057016267632708,-0.38069559607180065,1
0.8202589343817488,-0.4006622456461868,1
0.7614394602162128,-0.4267911015983262,0
0.7725304277636221,-0.4466689931287358,1
0.7406845624852589,-0.42840721650607283,0
0.7888790231916729,-0.4290585698517783,1
0.7960206747170614,-0.41394391288864346,1
0.739362153726644,-0.43732014354269827,1
0.8444900140387315,-0.4224072536265345,1
0.8523510264343432,-0.3851028298868058,1
0.8445141529981607,-0.37354502513897814,1
0.844725341466266,-0.4024385489007512,1
0.8336950568012947,-0.38576376109679467,1
0.8828472239732549,-0.411146779277236,1
0.8627256626568498,-0.39182162526628594,0
0.9068205432731289,-0.33502679392936185,1
0.888424892222886,-0.3137112299313288,1
0.8825451813634876,-0.360802966745247,0
0.953159877656601,-0.17542724646324226,1
0.933803656375276,-0.15646756256016253,1
0.928368622303202,-0.13650530179725387,1
0.9761925436894163,-0.1291943047331101,1
0.9624418500781072,-0.15468835284871468,0
0.9202232276195561,-0.17708695807373714,1
0.8987361847507088,-0.16871954972027448,1
0.870192059268913,-0.1821117599218837,1
0.9243450340740444,-0.18494426740549275,1
0.9024304260711995,-0.23787240321790443,1
0.9299946953041557,-0.21281654392098193,1
0.9265553185407619,-0.2336167427657615,0
0.9393236452724837,-0.2140901886440062,0
0.8933112039746044,-0.16106942692757772,1
0.8965574588766582,-0.14421942248852188,1
0.9228882161297941,-0.16191114661282857,0
0.856127941104061,-0.1965942882517236,1
0.8170630197756354,-0.16732679271539969,1
0.8043441749457347,-0.20548337338848505,0
0.8334160039285619,-0.2140908309581664,1
0.7928659308099365,-0.2016235088660694,1
0.8351250486022911,-0.20356914493959952,1
0.8510342508467303,-0.16462107901807047,1
0.8062231771649911,-0.17791510413235156,1
0.795608145195735,-0.20607878644377708,1
0.8171363617709325,-0.175266905429464,0
0.8363717332567479,-0.23482617899651748,1
0.8562990882831728,-0.20283131544280547,0
0.8290876634390373,-0.1838953070098053,1
0.8210372403252215,-0.1968176602411986,1
0.8449527488634382,-0.21629288509970238,1
0.8605824626786659,-0.16664275230037023,0
0.904547941872031,-0.31415904720463983,1
0.8573889917313653,-0.3449415244355172,1
0.892411125102062,-0.30294682299053743,0
0.772390281063426,-0.23922994509714093,1
0.7933673247585459,-0.22644040107716332,1
0.822188699208391,-0.2556838873278623,1
0.8238258034943955,-0.271456253306931,1
0.8164787161457917,-0.27647836217333815,1
0.8208335033336316,-0.21962263413475747,1
0.7750825063028368,-0.24467976151908244,0
0.8022521000370909,-0.27569248585149553,1
0.8018666423849253,-0.24995135987282374,1
0.7980226022555311,-0.2783353425265867,1
0.8088156716989171,-0.25864715011399025,1
0.7708185195824147,-0.288818310329307,0
0.9355265559685659,-0.27952222352242523,1
0.9108170462744979,-0.2953996513965942,0
0.8668842204498874,-0.22947122057704084,1
0.8074754025982145,-0.20675836876621895,0
0.7892065101332476,-0.24114141603476327,1
0.821219109561899,-0.2337784558533495,1
0.8108720897533986,-0.2359673447592867,1
0.8326475813900389,-0.21009075978871888,1
0.8497653138709678,-0.25267486968186165,1
0.8308016686399718,-0.2192362629909993,0
0.8652684639707211,-0.30177421122578846,1
0.8848005000092456,-0.3257034637984679,1
0.8684511605360227,-0.3382353188680125,1
0.8303042191430976,-0.3334927384719554,1
0.8440270228708746,-0.40286901204132475,1
0.8226855160055999,-0.3499734250485639,1
0.8689603913393789,-0.33384211731414515,1
0.8469529664789595,-0.34006184998521327,1
0.8414745493907252,-0.38372506688308455,1
0.8649556801227829,-0.3241026574629948,1
0.8689018226491767,-0.3118190712724932,1
0.8516786315272974,-0.3287709851935966,0
0.8597401626422541,-0.36357636961141176,1
0.8577591483946914,-0.307050938265772,1
0.8742826150052734,-0.32152786527456567,0
0.8834200635395888,-0.3076244672390391,1
0.8411109273464932,-0.3065799500330054,1
0.8389097852861953,-0.32447908216412585,1
0.8810196884250453,-0.29528481976312865,1
0.8287272719447796,-0.31834977637755574,0
0.7122744729941244,-0.28691651053932643,0
0.7144888575446687,-0.28883799562048473,0
0.6694348936957729,-0.2319384768262985,0
0.7335676260436097,-0.21833505270521172,0
0.6920091400178011,-0.2365251004953951,0
0.6216493651576447,-0.19185534621959702,0
0.6408355143421682,-0.1450715756152451,0
0.6693660637421278,-0.15130747780869128,0
0.6102775334979834,-0.23218582211549316,0
0.6137298214629273,-0.27378548034523265,0
0.5888503452604696,-0.20329962003815555,0
0.5552274422028327,-0.20876314234862128,0
0.5774624211245285,-0.22066308150757347,0
0.6648011164700564,-0.2429268370398104,0
0.6354006876475566,-0.2007060666636368,0
0.6042124715836377,-0.28665538469170504,0
0.5184336108889602,-0.2326351038706602,0
0.6472638608229627,-0.3102339698340644,0
0.6617220754760984,-0.3581681739826609,0
0.7054852324992159,-0.21038731680245046,0
0.7921909644007623,-0.25999423811918426,1
0.7904980704773167,-0.27061194888288725,1
0.788314739584414,-0.24775964473460513,1
0.8020943632291372,-0.22570442209673863,1
0.8036348527648468,-0.22145674568575416,1
0.8171302879634273,-0.24657519429771135,1
0.806557336831979,-0.23192081475903972,1
0.7645762623496652,-0.2816446403422164,1
0.7514236831193063,-0.32349990173421733,1
0.8063433815271371,-0.3224960350121941,1
0.777224636085187,-0.3328658730786125,1
0.773285671763822,-0.29525115531739965,1
0.7549524694337485,-0.3497303091035447,0
0.7739965961188094,-0.32623400224355403,1
0.8199559039414024,-0.36738098355999366,1
0.8159601985723992,-0.344168870745672,0
0.878454433952666,-0.44919351762154675,1
0.867556729777343,-0.38420078342355524,1
0.834117409586124,-0.3434768783398132,1
0.8448485046567916,-0.3784618211236099,0
0.9312477758979695,-0.3147873398373101,1
0.8948761599010104,-0.3282573439593467,1
0.8805090166126884,-0.32317004349509504,0
0.8017709476833649,-0.4219419372190344,1
0.8172931222635387,-0.43303680949257767,1
0.8275224176858207,-0.418660095442768,1
0.8323717983220731,-0.395378215866789,1
0.8291404879182369,-0.40652514288423147,0
0.8383645249516684,-0.32529902378320213,1
0.8421390089178111,-0.28606406188696504,1
0.8347783792511295,-0.2994980072328055,0
0.7864012863355268,-0.3204965391789937,1
0.8286222940379327,-0.3616673970087435,0
0.7447732831684171,-0.31884559635219545,0
0.7043203075427389,-0.2657539848896107,0
0.711940696486113,-0.29145273699509705,0
0.7045998630085132,-0.2766212927302178,0
0.7579516947945167,-0.2869096248530525,1
0.7504720087591675,-0.3059131360761154,1
0.7765376469226039,-0.30248441823980043,1
0.7847769958238742,-0.328520783106377,0
0.8426186120909042,-0.25714341656764816,1
0.8814053098551247,-0.3019801038423733,1
0.8575211023574018,-0.2958780026509481,1
0.8423466009672278,-0.25374710078496265,1
0.8451225663173797,-0.2469522222123473,1
0.8261447917018647,-0.240365080208148,0
0.82365635794233,-0.369823949464136,0
0.8348466066250043,-0.29077419047665437,1
0.7959148635749391,-0.296333449857504,1
0.8358594346131987,-0.31311776409708336,1
0.7902120592212342,-0.3511831762192644,0
0.8653222646489456,-0.25596361606131374,1
0.8610958200856905,-0.2597399304086626,1
0.8736100011407981,-0.27890061077991124,1
0.8855530341466141,-0.26019107836957867,1
0.8928581904363263,-0.24405917654732945,1
0.8524313295572846,-0.21685106161409068,1
0.8826408808386865,-0.24111971167164603,1
0.8590072662644523,-0.28898071380412943,0
0.95450946850638,-0.21869098289042083,1
0.9264930122749211,-0.18471082744049377,1
0.9409844745195209,-0.21015996818770052,1
0.8841569204588584,-0.1836884944025119,1
0.8654429625034833,-0.1803297607694044,0
0.9445718933719154,-0.2097266092848882,1
0.8813981966302475,-0.18618676042738175,1
0.8588043098432124,-0.20445497515058797,1
0.8192125791348678,-0.17796716646737615,0
0.8673703178534693,-0.24724732469041744,0
0.7681300744222668,-0.18520993638562389,0
0.8380729881058709,-0.1904156142769442,1
0.8470793920373744,-0.1850742638165884,1
0.8659456038275172,-0.2726408436858124,1
0.8763591053445188,-0.22995994093655409,0
0.9216539225505541,-0.15932405867051097,0
0.9657941157867729,-0.14229511157891114,1
0.9695868065097071,-0.12203228128593874,1
0.9461503866398036,-0.07376277626335939,1
0.9237803193773675,-0.0711715629760717,0
0.9147634749307898,0.0061103771565021725,1
0.898848167809701,0.03195937278351872,1
0.8691164702435801,0.0073319692787561855,0
0.9134454921086924,-0.10182775399415617,0
0.8329417970704207,-0.010081851250870591,1
0.8230100221749269,-0.011235741184728495,1
0.8676146159624906,-0.05790374865507149,1
0.9066811963818665,-0.07749638202001347,0
0.8236314263720386,0.010055382092351989,1
0.8539568694948373,0.06080951163448612,0
0.8143966152550166,0.0940194910046318,0
0.8129175151203369,0.15891922672892783,1
0.8445156416526047,0.11433957741036607,0
0.8144928621725227,0.05468287929522526,1
0.8169121181788701,0.05947603167010601,1
0.8206318883997757,0.016071727781105008,0
0.800867486516889,0.07398278036324124,0
0.792695606590566,0.04679029313480507,0
0.7664762209994777,0.0907472830312056,0
0.7954145038754526,0.04285666089733175,0
0.7509605441776984,0.010101887322367574,0
0.7600785208628925,0.019629092623185483,0
0.7550284944484948,0.044010048607312585,0
0.749645762242129,0.014683780668463289,0
0.8153201244632972,0.021826683035856505,1
0.8440740054215956,0.005032311061906925,0
0.9197345783720322,0.02197711024923693,1
0.8893180656608136,0.014102002903451122,1
0.9309643075800718,0.06276780667408291,1
0.8754671971275119,0.008134748382995272,1
0.8373396945349556,0.00696967262141383,1
0.8744716228179585,0.016266699547222277,1
0.8777814685694024,0.07038909288818426,1
0.8953706855426925,0.014519492447434765,1
0.8823554154191042,0.06940686476671645,1
0.9124997216175635,0.006207495015043418,0
0.9243441871131619,0.10881579430715271,1
0.9595552789956554,0.04725079177638725,1
0.9248487222949832,0.08084524946776629,1
0.9010731702232901,0.10906812581743555,1
0.8960487402336117,0.08338228637785214,0
0.8967031489764562,0.10601809364960227,1
0.9114179209331196,0.0859875135788695,0
0.9017110464167579,0.0939368635932967,1
0.9315370325518945,0.07496069772964026,1
0.8568142251963892,0.11035443853263796,1
0.881575706226952,0.05318607174913165,1
0.8991613865471465,0.10680509680345114,0
0.8091282103376287,0.08133430314101359,1
0.8517436577777245,0.07191109668473042,1
0.8218444745421736,0.06508777815199153,1
0.8235226269947307,0.0849540116379219,1
0.8456280024589825,0.10154684036406197,0
0.7700334109476812,-0.007628902686158526,0
0.8195370123739751,-0.0008691731216024668,1
0.8445926267622195,0.021001771095999433,1
0.8520140532106478,0.02989289934546953,1
0.8697130609784126,0.04511657841223523,0
0.8739395727498086,0.022653928055225654,1
0.8704307288515983,0.03376320095832121,0
0.9240449886839954,0.03647628757132512,1
0.9106453838442873,0.042944970518482575,0
0.850151037648267,0.07197802204739509,1
0.8611809014163895,0.061647485421762696,1
0.8986757774830187,0.05373312704877864,1
0.8902663051903305,0.05000522976134941,1
0.8959451077849097,0.04595877193590287,1
0.8649915453491317,0.06890513629123565,1
0.8578351282276394,0.06323650074821341,0
0.8084868731435862,-0.03640259583440379,1
0.8198872211696752,-0.040352115125610245,1
0.8427741090056365,-0.023765884081406487,1
0.8265576272103066,-0.022056915511927285,1
0.8742304827524995,-0.03567833747121274,1
0.8650640988439515,-0.0023496094943985663,1
0.8429595803453624,-0.047609711654945965,1
0.8895591256208172,-0.03728947992328688,1
0.9043905009198709,-0.06814426515205357,1
0.8494271041725121,-0.06983737883665221,1
0.8467974048702638,-0.08528861413998788,1
0.8325492629915426,-0.061470669717297116,1
0.8620544314412496,-0.06210914549111966,0
0.789362761657388,-0.06868762251540231,0
0.7738443184128866,0.0015528096767300353,0
0.7565204998427425,0.07342300189890866,0
0.7475414016995577,0.02131379837161631,0
0.7054792516460283,0.08047456975446635,0
0.6786416128377081,0.04038096450615152,0
0.7129192136714826,0.04418511437638439,0
0.8676647567152391,0.0987767808445424,1
0.8431352251210038,0.0728403939772157,1
0.8482832306732535,0.12883491665293473,1
0.8239376321489073,0.10788797358890345,1
0.815647223383155,0.12639710730701909,1
0.8206890193875988,0.11230653666294943,0
0.8627324569820782,0.13335234856300032,1
0.8697276447728032,0.10845151327601611,1
0.9062861954663708,0.08700501486229889,1
0.900595796155531,0.09619675647283457,0
0.9406820038606437,0.1270930116558716,0
0.8458189090875571,0.06915940714705424,1
0.8460967703401038,0.04909693981563486,0
0.8959116824326816,0.17059835056654513,0
0.9173332549206294,0.025433791998197203,1
0.9605680294460752,0.006321622690880005,1
0.9341804360195937,0.02952867204177188,0
0.8735446785266131,-0.0014129648949774386,1
0.8969925052055786,-0.02191566815113332,1
0.8369596401728296,-0.025236194229291707,1
0.8537709799123214,0.005598423909933207,1
0.8476871908810435,0.034006570498558486,1
0.8265160557402808,-0.02795394202056254,1
0.8753143858872358,-0.00447944516100374,1
0.8579437849385103,-0.004667990302487977,1
0.8838249903070174,0.04493313883682734,1
0.8916898183403141,-0.02647617887911137,1
0.9460758185548707,-0.014545885560485923,1
0.9238183195848733,-0.02756433089428044,1
0.9505297761785383,0.018120490794973965,1
0.9762636421585275,0.009988350551778245,1
0.9771969067977059,-0.001317523057928885,1
0.9408085453435195,0.053161214753819984,1
0.9151479524446862,0.057616400236408336,0
0.9291672292833396,0.11226900711430558,1
0.9444182803060249,0.11431044227860382,0
0.9889993515847336,0.0033193299047520886,1
0.9426023561508107,0.05058639001061426,1
0.9426819836872005,0.04316485950034757,1
0.9216269678091257,0.03675541384165574,0
0.9305684421221125,-0.03459766706108524,1
0.9593998211362095,-0.0734051036564474,1
0.9454587166933741,-0.07628210324098661,1
0.9735538043675871,-0.056662988176145485,0
0.977173680516464,-0.03783782011076272,1
0.9426613863338746,-0.03830187012738306,0
0.8857878470981084,0.015007735353101341,0
0.894654235516216,0.0034140897832447645,1
0.9102621705044118,0.009998585681633101,1
0.8724147347060862,0.02763844915508782,1
0.8860987346888548,0.032504235197792615,0
0.8154022643526062,0.03864968171458157,1
0.8476399616031386,0.030672352998746183,1
0.8442825012901846,0.07451872659242717,1
0.8687487032963173,0.08291911487264418,0
0.941142859186433,-0.04868264300862678,1
0.8888150401986181,-0.0063104482726744696,0
0.9683395255293239,-0.03940247226905233,1
0.9405015728524203,-0.04122048777911764,0
0.9033371045442161,0.0064950131833679745,1
0.9145174899776123,0.023293840936075765,1
0.9002905411487819,0.01306624934809775,1
0.8639239979893887,0.030657738745598816,1
0.9070258065898259,0.016903707518963848,1
0.9694463521224872,-0.0013825595038298756,0
0.8886671405971562,-0.011642467201286451,0
0.8124839920108068,0.008993014942867203,1
0.8665001585945263,0.008731026303829305,0
0.8662604274737022,0.08667224626097894,1
0.834892855985305,0.059659383397716176,1
0.8670023176709872,0.04455524989338075,1
0.8244968373827555,0.05192952725628598,1
0.8300816852098841,0.06500125675773688,1
0.8788981507102196,0.08640807869983182,1
0.8265893186733574,0.09252364089600602,1
0.8670340772746524,0.0637455168123241,1
0.8898823088901474,0.057651894852147154,1
0.8434605532238773,0.04196981643299521,1
0.8350830804032972,0.060485353827558125,0
0.8635004957401899,-0.0557711526581129,0
0.8099068628299604,0.07293538775584611,1
0.8036966874555838,0.06723736861920131,1
0.8327337124952733,0.06668940727056437,1
0.82286750627186,0.07266145953510282,1
0.8478516665088554,0.0681496874847568,0
0.9300062372901329,0.004177822516267415,1
0.8594693381926038,0.034217790833194296,1
0.8606802004909841,0.04080407503264058,1
0.8833576961992831,0.08915840538390524,0
0.8521048104839092,0.06727405019813086,1
0.8246224169290371,0.04385470648442052,1
0.8363478682784863,0.03362923561458027,1
0.8752158421759018,0.064250458692334,0
0.8678444636242448,0.08274455686947117,1
0.8698705486492575,0.08580547094534348,1
0.8945852997146172,0.10980058545910643,1
0.9059279984783347,0.08524068487829678,1
0.8585173852672049,0.11125991050091838,0
0.9435198456836618,0.10969129672326611,1
0.8817753674863733,0.051797845373006655,0
0.9783556193489957,0.08430480630886797,1
0.9604753725639401,0.09841003293192518,0
0.9002239363806727,0.159547026882312,1
0.9556947247727793,0.16482602070920466,1
0.9486819144824586,0.14187473335744089,0
0.9571850287376557,0.21196283498093163,1
0.9314416676137789,0.1849243550036584,1
0.9529992902902457,0.15374169180854788,1
0.9376128002161633,0.1857067461833251,1
0.9170256519307786,0.1633909416119235,1
0.8558827836991689,0.16484659873464214,1
0.8741739084532981,0.1522883425783855,0
0.8127088608387938,0.22986202206976092,1
0.8432726168168436,0.23192633114852207,1
0.8298810240615422,0.2228358306904647,1
0.8422585046524774,0.2226988829956512,1
0.878233020490455,0.15748728668695566,1
0.8345757552950093,0.22701201226358358,1
0.8198314445298214,0.1828509208102645,0
0.9461308380946636,0.22553315581327787,1
0.9220337564584645,0.2008157651548256,1
0.8902438082887686,0.1935581811398378,1
0.906966199267429,0.21841919667565654,1
0.8564466885137106,0.18772042239396966,1
0.8706569997389425,0.23755552732573362,0
0.786985323878637,0.2703295200181941,1
0.8275251470912712,0.2791814427441003,1
0.7761755321940242,0.250940593523248,1
0.8220106723395955,0.27949409606099235,1
0.8406843781802189,0.23764354407711816,0
0.8569113048903297,0.1942022667334397,1
0.8498745203069905,0.2034997888580769,1
0.8506266856922268,0.21692182662752246,0
0.8631557008757511,0.2818619475224957,1
0.9113362219165957,0.2566311139074992,1
0.8677996694655777,0.2944035808571428,0
0.8339659156534643,0.20755193277497763,1
0.7919116516939251,0.22358517307738424,1
0.8012531889172209,0.19147498467351756,1
0.778938910795302,0.2300897137742599,1
0.7981645570183991,0.2161381699826784,0
0.8716999552844874,0.2045960452576756,1
0.8367987267330036,0.2123137330631932,1
0.8900853171424296,0.18397953956258603,1
0.9026907768526452,0.17102203330421095,1
0.8863194310162756,0.17586173909117905,1
0.8586149487942332,0.2078856332009767,1
0.8371791616844757,0.18239332144602546,0
0.7451144984405857,0.28356378674188293,0
0.7527645237246178,0.22924462030390413,0
0.7925645512392911,0.26918552969458215,1
0.7866138744122861,0.23911921222948135,1
0.8329141277670808,0.24754194491842726,0
0.8211759782468171,0.22318895810258627,1
0.8544839389361623,0.20179259609490072,0
0.8449134843693269,0.27230800190406423,1
0.8096873694753213,0.24936167686218175,0
0.7981800955389349,0.2639269354849977,1
0.846778233275436,0.28379832517615244,1
0.8289634334517554,0.2428431473880977,0
0.8033424960616081,0.2925564376763423,1
0.8277592851860395,0.28577553217575596,1
0.8002407808240211,0.3108929290950312,1
0.8561639611108011,0.3082612008910669,1
0.854890852781788,0.3489264908441048,0
0.8556124500903555,0.2866874137247005,1
0.8342492178786615,0.22784709230800002,0
0.8661172920256553,0.23577756263167285,0
0.8127997674501037,0.29288436238155635,1
0.810953302637215,0.30095743709082845,1
0.8186715966798628,0.28089273510391055,0
0.7480219872917133,0.2307634398781902,0
0.7855425480000877,0.25654949149773176,1
0.7993624403149773,0.24252100470158788,1
0.7979259073538311,0.28649400453454027,1
0.810269819485025,0.2919923398932496,0
0.7892918491329077,0.19856433283889785,1
0.7871661587887875,0.19949516045343263,1
0.8254215597616783,0.22247102010345388,1
0.8123285188666899,0.21373907191597538,1
0.8081978014819559,0.2413569679333265,1
0.8145292000761313,0.26333396807327886,1
0.8193215550624446,0.27375892184212863,0
0.8116703206614171,0.16441993223177537,1
0.7889279572949853,0.20156703984563268,1
0.8152040280425089,0.18994595399561037,1
0.8029571926312972,0.17542668528326377,1
0.8243671796396806,0.12610341364361918,1
0.8212660690818144,0.11993492951880151,1
0.8328934570842744,0.14159183605793807,1
0.8239674426614401,0.14712253759369898,1
0.8612461989330427,0.18024129837067074,0
0.8453923473958401,0.08037694430461699,1
0.8289396716931229,0.08162904737823916,1
0.8728947110118532,0.10162033014673047,0
0.8500627351602978,-0.0025989621445939304,1
0.8535741754298993,-0.01880823266961303,1
0.8734557080342379,-0.0037941446835544086,1
0.8332535919200424,-0.01994349682847881,1
0.8446031251329098,-0.0181235450741607,1
0.8177091525711049,-0.03954963183530205,1
0.853409259236052,-0.01614964545362081,1
0.849032798035642,-0.03777164493292808,1
0.8580449525044749,-0.035536640917847,1
0.8612753335609993,-0.012353822668575366,1
0.8254750231354359,0.040742946233920316,1
0.8552691204529377,0.012204160646822608,1
0.8667892592836114,0.028194535932226532,1
0.866305848098831,0.026903008480339732,1
0.9139567917350608,0.047246932916242046,1
0.8835825642244558,0.0344721023122179,1
0.8945735620959939,0.03839544415889862,1
0.9014502853091796,0.04936806259180446,1
0.9017286843370583,0.055163073547631496,1
0.8715155888187592,-0.008243249377235105,0
0.9169761695743764,0.007041454077038909,1
0.9320147830507483,0.019324978834775252,0
0.9135600546801739,0.07537187329143129,1
0.9046638235062724,0.0696762475096583,1
0.9344196235311276,0.03636890671287431,1
0.9349769846730702,0.05754555070867973,1
0.8852189528637732,0.11310992538290217,1
0.9227302099509059,0.14834730020531522,1
0.9288248303891845,0.18041192304323628,0
0.872436513849965,0.1598399837444005,1
0.8923581177175368,0.11976848776732416,1
0.8994398318252894,0.11541754327009812,0
0.8926346481830623,0.19480346542629043,1
0.8577317323801076,0.21110312245971782,1
0.8748157064490916,0.16148735265844683,1
0.8691624984225919,0.16214579424722966,1
0.8731966386011198,0.1986073812426998,1
0.8870918050891566,0.15226752154971102,0
0.9105135537332755,0.13253397827886043,1
0.8804607117708038,0.12000039677944689,0
0.8674613113685526,0.04075941348924418,1
0.8718464567623581,0.04947329599195294,1
0.8973333310799835,0.10657860457699972,1
0.9104689913993934,0.097307469709028,0
0.9557621890483573,-0.031446453787632764,1
0.950047268578316,-0.03249461495944927,0
0.9512622662858472,0.02073981180525309,1
0.9469073019208464,0.02830518496105236,1
0.9536222760779575,0.04032500171670138,1
0.9292656339671702,0.01107695433647237,0
0.9571029867223901,-0.024456942219018472,1
0.8758263858251983,0.015495106629308357,0
0.9528506305592104,0.04223667281878987,1
0.9449240945377709,0.017665608661018996,0
0.8921292934232162,0.061198556230143024,1
0.9137463573270899,0.06216528474835491,1
0.8866898280928556,0.09224274282224035,1
0.8671405322020215,0.08382128918434094,1
0.9383431368633364,0.07944996938696672,1
0.9071438959730088,0.06595747209231946,1
0.9040556335121618,0.08655018235854062,1
0.8853877633101523,0.08586148188586233,1
0.8991035428375421,0.15736948922237343,1
0.8643635358637476,0.11890933639003469,0
0.9217600974908637,0.10854229210264693,0
0.825810271552259,0.16011285007183018,0
0.9101939843071336,0.19207069538785532,1
0.9653376543453457,0.1682565724394542,0
0.8612508291459624,0.10450914426156553,1
0.8847903530020396,0.11952284144915147,1
0.8706469745362693,0.13719346239788593,0
0.8690293113483194,0.16060081070343857,1
0.8319355924642485,0.15879094506647598,1
0.8556122466369739,0.1665185150105583,1
0.8684940032586616,0.15260395920078246,0
0.943599544343924,0.1635272172228556,1
0.9420739021319742,0.14810611923343933,1
0.9555877998194827,0.15768440643548617,0
0.8851747259762166,0.06386759184752139,1
0.8972585825959762,0.0792384536175083,1
0.9141449111937431,0.07102136187781266,1
0.9691400123901893,0.058934348227000236,1
0.9673731968065419,0.11157183289917175,1
0.969496787360101,0.12706622288013975,1
0.9571602000726519,0.10883183655464872,1
0.9296921788889217,0.12968336927907576,0
0.9431932571862177,0.036359373324594116,0
0.8933809032680115,0.06608331742228352,1
0.8799977131555191,0.058755112858707985,1
0.913911434235223,0.07771658383965292,1
0.8509338731461771,0.06378459994231074,1
0.84394395677597,0.030669369413621785,1
0.878492489137002,0.04883141863493423,0
0.8976494120398567,0.005264141183223325,1
0.9295802758332377,0.021248618739702924,1
0.9127775956064911,-0.021971287949822626,1
0.907777851507564,0.006195253818578984,1
0.8313040133363592,0.03271732772036283,0
0.8094640865745883,-0.04004715077477977,1
0.8643854123589969,-0.046208075742435566,1
0.8739081002296287,-0.027300044465941392,0
0.8516252762156071,0.030077071857989406,1
0.875106447470177,-0.01855870750930777,1
0.8616786131050427,0.02668179589503219,1
0.8516663865206966,0.005090568608565795,0
0.8525163188691413,0.06443717424737923,0
0.8555962532875218,0.014363079672920331,1
0.8499780010555553,0.021539052570951744,1
0.8260309256669458,0.027183098640698487,1
0.8231386721803696,0.01562590325488971,0
0.912698804478559,0.1442305151215971,0
0.9464469370393477,0.13918964652568172,1
0.895868447955246,0.1070816669432528,1
0.932079607396232,0.15255074492352988,1
0.9495828420393503,0.12506405892819736,0
0.953880443935432,0.1263401367313622,0
0.9008362394974523,0.1014910197503661,1
0.8697365506566271,0.15263676322998265,1
0.9143560780406648,0.11973582480998786,1
0.9099691181011695,0.17308275180188631,0
0.8436959629137444,0.12043063772830867,0
0.7030304657192136,0.1909855936269501,0
0.7649542653070727,0.07632665557822436,0
0.7460981018607722,-0.013528104236268337,0
0.7666924140125079,0.03330146835848574,0
0.8157188743544249,0.04562984378951614,1
0.8315405352101692,0.10399424579694916,1
0.8351966886439045,0.06678075625222381,1
0.8581370155934721,0.07612438047037276,1
0.8589062691335718,0.04692911441589248,0
0.7821689538729124,0.04856456067989679,0
0.8299087397253686,0.11325090364688842,1
0.8026397600516948,0.1269430440485711,1
0.8036474212941321,0.10561378328452876,0
0.7942100379764959,0.04601225231913059,0
0.8068464734747756,0.08922859936787189,1
0.8158920159444258,0.09784751399668494,1
0.8168802514773681,0.11019360611048777,1
0.8445970885176747,0.12076266440449458,1
0.904889671233941,0.09968145405456677,1
0.8735525845083796,0.10126721280826292,0
0.851801200217656,0.08766597223136616,1
0.9041930640100421,0.15736153080701312,0
0.8428568146081172,0.11507462616270356,1
0.8176838390337218,0.09103054994587902,0
0.8025143431790774,0.054452278229685416,0
0.8596995005863554,0.16958220656070158,1
0.8719324001058077,0.1285810063681065,1
0.8354523204382367,0.163155491197099,1
0.8745906554461192,0.1849634489559431,1
0.8497882433093761,0.1400126155151301,1
0.8404036495577185,0.18719651446069144,1
0.8233457314173006,0.1865678951061951,1
0.8344680963267649,0.21537016644644186,1
0.8007615154215203,0.1191611044590089,1
0.837203531404508,0.1523412832569771,0
0.8400405144063657,0.13172972496416832,1
0.8598501190745342,0.12467378322699856,0
0.7664425063954413,0.1305326868114992,0
0.8353104795597428,0.086584437176504,1
0.8142393594944435,0.11088512007396845,1
0.8413442189698741,0.1328688069469585,1
0.8341635248978599,0.1422861363137532,0
0.7893598283211108,0.04918541965949355,0
0.8314879068764487,-0.04133455128237046,1
0.8122543031165118,0.02529004076494197,1
0.8214862324972168,0.04734487875954803,1
0.8463545639549485,0.021219085891882,1
0.8316688798216016,-0.0025542707037907036,1
0.8305415198151931,-0.009992288581181155,1
0.8203867341407969,-0.013061335740202058,1
0.8668903382885497,0.03635605723710084,1
0.8502578273070311,0.03778271039338091,0
0.8227577273657359,0.10443028254406504,1
0.8317707943544635,0.09300795727621286,0
0.8459825192477566,0.05071621283217626,1
0.8665799417500013,0.05219414482231089,0
0.8487194068197796,0.1285747422644566,1
0.8051936020178219,0.15364246855506455,0
0.8538944679052437,0.087179884788938,1
0.8933982320033753,0.09920376864229023,1
0.9037205946107274,0.04469463528638955,1
0.8957790121377922,0.05648760461176262,1
0.9101958549153073,0.06304019496072473,1
0.8848320354113496,0.05304668715048774,1
0.9041060218974883,0.07968148252469365,0
0.9745018987227189,0.09419048335175649,1
0.9453721173378595,0.06489357610255486,1
0.9358760645896164,0.02595910182093062,1
0.9799124589219942,0.1015369799856776,1
0.9647709220597003,0.07720900117730778,1
0.9090660781114901,0.03291751554199467,1
0.8893498702720711,0.020095590560323458,1
0.8756021507770984,0.02791435323712816,0
0.8832740921176094,0.192761203207009,1
0.850584723994546,0.12906466644865527,0
0.9198006496602821,0.1850332495618046,1
0.8909001838453264,0.21526407173043652,1
0.8934261317116106,0.16269062258889874,1
0.9264533273172884,0.19331587985963009,1
0.9214592463816899,0.1999984431178631,1
0.8812321983308317,0.19432987888709324,0
0.9048731781444816,0.12896054570315768,1
0.8887971080271575,0.1371118596522125,1
0.9111984994457675,0.1680896195357806,1
0.8899450527638121,0.12180819546611757,1
0.8971266752060162,0.16135727816009238,1
0.9379495357365732,0.14593080543760342,0
0.8485952030611501,0.24560056260269159,1
0.8486936363008801,0.24657441387901094,1
0.8318583791742411,0.20544605721129494,1
0.8723959310401709,0.19059897906064865,0
0.7336987916219614,0.20327265584521373,0
0.8302280936834333,0.3157703385333166,0
0.8489364996158147,0.2319401529492856,1
0.859001722182381,0.2579108942002104,0
0.8420413078298883,0.27297713405098806,1
0.7956390836592584,0.27096688713905537,1
0.8764019093317977,0.24986507498455204,0
0.8293252627331863,0.2020828973792821,1
0.7893135724718539,0.21901151991782683,1
0.8116248737915459,0.2459141897952823,1
0.7867129192930319,0.21375330550385083,1
0.7783765282566587,0.22013707865683418,1
0.8002301136583596,0.21562642617472888,1
0.7824157183238566,0.23341441043100666,1
0.7833850377894422,0.2848767102639283,1
0.840324915482165,0.29602191372312403,1
0.8643447608557602,0.2938361957906706,0
0.7542744895499057,0.37191945204411525,1
0.7572371873303373,0.35417750018118854,1
0.74567545699616,0.33009296510893327,1
0.7687591089991572,0.4127607807896107,1
0.7486086708334295,0.3548224585986156,1
0.7695755160665132,0.3188639321234033,0
0.9191276311413369,0.3284318323725914,1
0.8881916199125636,0.3125061430851878,1
0.8710221668009971,0.3062442766758961,1
0.8744603162611134,0.2812709198142992,1
0.8752002464324737,0.3019668253258906,0
0.8432185533289066,0.30513311588921554,1
0.8358568499920433,0.26547534076403384,0
0.7701950974568629,0.31189926101332605,1
0.7824060037451419,0.3048430515132004,1
0.7566149205707888,0.3244012209565993,1
0.7776351086338141,0.2720144060993772,0
0.7910284531179015,0.2989258128052925,1
0.8309674779089907,0.307650027169607,1
0.8029650015333372,0.3064988663932228,1
0.8285679905336022,0.317677216333493,1
0.8764177877999447,0.3164344470630005,1
0.8432463949845159,0.36468451751859915,1
0.8393514510289641,0.406261002130803,1
0.8461897965611256,0.36842619063022297,0
0.781634617843138,0.40462350096208227,1
0.7872469403601821,0.3672438719170812,0
0.7878143487197486,0.3774055288124669,0
0.668314827607613,0.3424452564522386,0
0.7175802424683445,0.24333158466210514,0
0.672960004993573,0.33438157643181043,0
0.7661958013016138,0.2627940789075171,1
0.7751756542288885,0.24970046255646078,0
0.7132672414844752,0.2728203792506101,0
0.749231492310779,0.40155434078144947,1
0.780512768383067,0.4480987595256634,1
0.7363972963672727,0.4126232298198309,1
0.7274396430734329,0.4405856600393451,0
0.7516732446928488,0.3889343484987895,1
0.8100868962075617,0.39888046792882315,1
0.7414149968572624,0.4350254252555661,1
0.7749259973017232,0.45193097152766126,1
0.7467958583065399,0.4391039847797278,1
0.7580653048601095,0.5341128047062869,1
0.7538217442790636,0.47284809295889085,0
0.8271843623745261,0.3943738959863098,0
0.8204104076155059,0.4013947180806799,1
0.777858559700429,0.37458034071118423,1
0.8163681079956492,0.37652109498073083,1
0.7989685423659529,0.3644774542107739,1
0.8060482396019655,0.3993883889969285,1
0.8101768026895215,0.3378523167501131,0
0.7877859387798958,0.3245946072797569,1
0.7707534716401819,0.3139575195004865,1
0.7483665498412678,0.36310152886731756,1
0.768524482721237,0.3611559504459908,0
0.801185752490566,0.3178092276846389,1
0.8325588110176404,0.3210508724166009,1
0.829232923318451,0.3218858886863799,0
0.8546662236293466,0.30571843989396813,0
0.8365876800804216,0.23372639411314217,1
0.8236896994404385,0.24320766424105253,1
0.8276343484223823,0.2544603929919652,1
0.8335042325918309,0.273770591002604,1
0.815952003112898,0.27220861830054915,1
0.8118382726042044,0.2709511496035651,1
0.8817669918748148,0.25074111836808194,0
0.7754766794514844,0.31256883759347603,1
0.7840054497814001,0.31199343144741026,0
0.7435337017282421,0.3279742137673418,1
0.7842683598386146,0.30922022838282914,1
0.7577135823952621,0.3390802196260225,1
0.7840531625162546,0.32122839467191905,1
0.7820365109663198,0.34690089193732865,1
0.7774026559811142,0.3483346318024374,1
0.7706293352619069,0.2974025397685043,1
0.7938211435713978,0.33415427898431543,0
0.8557261622277136,0.30229408203435126,1
0.8347471613363676,0.3046409212795344,0
0.7749767805543007,0.315690336151423,1
0.7549322434432841,0.29664604380349957,1
0.8008179363609128,0.2692007906637607,0
0.8112261864720447,0.2818284093458013,0
0.8181078477677344,0.2997242026426786,1
0.7889485493077982,0.3187719042766963,1
0.7796848615578748,0.3260982192896078,0
0.8372098110723724,0.35851358529695465,1
0.798880577499502,0.36621239279273676,1
0.7833331506709449,0.330531038786533,1
0.814699631768341,0.3720562963227932,1
0.8186607171238615,0.33739593082357894,1
0.8082331950760702,0.3373964880383287,1
0.7906135365914243,0.3030146094214729,1
0.7952749122980651,0.3452599221267792,0
0.8852695798300454,0.3616547786423745,1
0.9310502233336138,0.33616557437631817,0
0.8576554946604973,0.35670429982342283,1
0.8709259659380237,0.3017402468157505,1
0.8487277798443047,0.27757838694341225,1
0.8704493259081538,0.3175826778896258,1
0.8384110546096226,0.26997459701595367,1
0.8659054520470263,0.27285844459798453,1
0.8911410870901831,0.2793186282627303,0
0.9027787387822335,0.35309896540643426,1
0.9068465260223711,0.32879838109590664,1
0.8920413704561853,0.3574288286734083,1
0.8738480312689866,0.31394506237642106,1
0.8775352400454485,0.2803040122239597,1
0.8749108481328689,0.2962215874579653,1
0.8658384603068301,0.3377569590378623,0
0.8685884623451062,0.3606435575619576,1
0.8876266032260035,0.3770569086281545,1
0.8730302426893476,0.3531046577355174,1
0.9180006135559996,0.33255733015298533,0
0.7269768973274893,0.27011048576549196,0
0.755567949273721,0.2541511909641279,0
0.8711287831130103,0.2745967369450006,1
0.8607196614009243,0.33517453186903695,0
0.8739133376786178,0.19745493150932142,1
0.884273018211774,0.1929544195120211,0
0.8014241291634224,0.21251056764667886,1
0.8107868358801387,0.1807675619171443,1
0.8597871688719445,0.15353057367991235,1
0.857106182098524,0.183466857183803,1
0.8562038706650758,0.17916295787748113,1
0.8848650169474713,0.19043336192640056,1
0.898792851814306,0.189851459520304,1
0.8648583982629303,0.16702088878795715,1
0.9020667584904956,0.19036239331862437,0
0.8922754146917348,0.18724247552059123,0
0.8072847826252175,0.2129284291659378,1
0.8230954670030731,0.1927006364018185,0
0.8993559997705992,0.1684976815305253,1
0.839681295094461,0.19825590607127136,1
0.8216964273041972,0.17698660919969195,0
0.8401059047161257,0.11238104146275296,1
0.8613529521078425,0.1409388047423042,0
0.9073488766286212,0.11641212724631467,1
0.9052194970921501,0.11674520918969544,1
0.9080316616083889,0.1315471752644099,1
0.9051326840452439,0.09727411762074803,1
0.8860091868310185,0.1233123024276653,1
0.9216280799582233,0.0811916884228937,0
0.949752406526425,0.12348442549083528,1
0.8819443129129718,0.11253300170388579,0
0.8971365136615346,0.24057673636972082,1
0.8771849374764903,0.22993824467283702,1
0.8852197430856789,0.2445603352203728,1
0.9075782056636112,0.21055440713936638,0
0.8502066501664468,0.21897839101459654,1
0.8596372891851256,0.23738154076312337,1
0.8337547363472758,0.26207910755110764,0
0.8386734873821586,0.29767834207294924,1
0.8151807172921415,0.2687293000367827,0
0.8726597139143667,0.3158285776660226,1
0.8489414762157147,0.3063240781623867,0
0.8031938419593031,0.33041942910985883,1
0.8428799352321036,0.3241083786781163,1
0.8396843053232254,0.3407987947090961,0
0.757697607308149,0.4050631043329984,1
0.7283652509028279,0.42203155733254494,1
0.6881751887631326,0.42081133610269117,0
0.7109108894028855,0.35652823968981456,0
0.6709357391251531,0.3183104829270304,0
0.7217064478715628,0.34993198398605785,0
0.760943233541784,0.28490390852542946,1
0.7611545397553148,0.2867078456873657,1
0.7635143949009079,0.33781202780812764,1
0.7577507807867011,0.3737617132339035,1
0.749468562695695,0.30915094205348737,0
0.7746288125921069,0.30713395002516825,1
0.8170575603662077,0.31052397929349423,0
0.7973674640939384,0.2780577880327465,1
0.7853472080026995,0.2529293061181445,1
0.789025547660548,0.22968295775679898,1
0.8260063308697556,0.29479626806791864,1
0.8253084939090066,0.28181605122847553,1
0.8358848400573099,0.30943405245814326,1
0.8003288094891009,0.33971312791742037,1
0.852165205937017,0.32516572323803866,0
0.7127970647776931,0.29473139629888706,0
0.7055975927318886,0.2363494191537137,0
0.8494456570926433,0.26127135790177347,0
0.760175965547064,0.30670631913273827,1
0.806580832383577,0.2797842920919734,1
0.7892382265007098,0.3517621357947117,1
0.7857685285375471,0.35963104707577775,1
0.8080878550394305,0.35262329172063367,1
0.7761984472755429,0.36716254241106683,1
0.7733020364229695,0.3912888247541767,0
0.78582197267426,0.2967105928694159,1
0.7195671516940348,0.37073172989315684,1
0.7526715434872957,0.37272527858012194,1
0.7548111799790025,0.33134359969724414,1
0.7578947186685796,0.35250501157994724,1
0.7960858741885812,0.35513253973785996,1
0.7881858671420889,0.3175983092940492,0
0.8184775992379086,0.38672588254409707,1
0.8172611507303561,0.36553679392907296,1
0.7855937355176359,0.3248685591659369,1
0.7867797908139804,0.3990533776959954,0
0.7814486673498904,0.43900360066223393,1
0.835564760840869,0.4201276396933406,1
0.7985384046368501,0.39633633729267087,0
0.7906305153262392,0.3492131784454393,1
0.7961465030858662,0.37876381748577814,1
0.7863658328202853,0.3655088568092419,1
0.7894236658261969,0.4072692647905376,1
0.846167520161371,0.36331522843868147,0
0.8596636659567813,0.3825944659348766,1
0.8293432382192447,0.29267774225564536,1
0.8433880629692657,0.315047059468739,1
0.8438514122952412,0.33501271849415243,1
0.816129708247301,0.3253768673642425,1
0.8394458111343225,0.3316327974660954,0
0.829077229978866,0.3709212242583472,1
0.8353951070889667,0.41813373026351297,0
0.808100700121392,0.40185019358215696,1
0.7568428223634707,0.40120473271218576,1
0.7632916106977089,0.3526980444104211,1
0.8026212915638283,0.347542509477373,1
0.7972773558124461,0.35240929965443624,1
0.8151767890092888,0.35086052619229335,1
0.8356580434041,0.38848012571828927,1
0.8315207686834329,0.3803900346990407,1
0.7580200284921224,0.3938534269209642,1
0.8155867273752052,0.3533771664527664,1
0.8055163230535579,0.37432338106120666,0
0.8083093475085303,0.44218617341582506,1
0.8289155113959409,0.3907394818065584,1
0.8472737313619471,0.39983796271069605,1
0.8557611618431955,0.383399953431302,1
0.8732302168202777,0.38381060956935453,0
0.7043160445674804,0.44108898054100437,1
0.6924784089577171,0.477365878165059,1
0.7057484294628481,0.44858016407547,0
0.7150674973394373,0.5035718826032869,1
0.697135564756521,0.48540429314061456,1
0.7064925043735818,0.48837069764031193,0
0.6694710852806229,0.5167912905470909,1
0.7077253419425736,0.5502400192639763,1
0.7075976789125915,0.549040054332672,1
0.7285270303588466,0.5207831496688066,1
0.762361495739012,0.5185015725763846,1
0.7570726479811404,0.5014245712057207,1
0.7380289486796948,0.5301100420911201,1
0.7209802201935931,0.5748061499130762,1
0.7703380706080059,0.5237538465517426,0
0.6810095222356325,0.5189779232654562,1
0.6766281206159753,0.5351983673371645,1
0.6322641816190622,0.5880603096074982,1
0.695776182303483,0.5717181986950656,1
0.6950891940506275,0.5874675484621871,1
0.6891878629642703,0.5718797844879313,0
0.7324819649026774,0.47507545178743044,1
0.7577939663088222,0.45283788859465435,0
0.7823215811388456,0.5532209333647838,1
0.7653765512715807,0.5263417011332192,0
0.7671642976078555,0.5035992394907606,1
0.7666631900774322,0.4792873149121255,1
0.8156429853963176,0.4856372942515138,1
0.7735891687686596,0.4841195229440112,1
0.8332213762585534,0.47176607690027206,1
0.7953937922348182,0.4977603054095927,1
0.7654634055950661,0.5099092577243803,1
0.7662130740880801,0.5015507833470457,1
0.7899413890499344,0.46793374604879023,1
0.7971786363892943,0.4988080290267302,1
0.751681763868753,0.49078812742408257,0
0.7634098579100955,0.5142978023670702,1
0.8087952241302017,0.535127077926806,1
0.8162390564416201,0.4847551849388779,1
0.7994918399586671,0.5447183265912169,1
0.7774380631917829,0.5292890727469095,0
0.749836124196665,0.5089371514355969,1
0.785097560598401,0.4571436245191298,0
0.6384584091091654,0.4556736955160853,0
0.689432495340201,0.4521388875218972,1
0.6856528612693016,0.4276192391787355,0
0.698011881597765,0.4325205090262201,0
0.6840998725931027,0.4522676028446853,1
0.677369575346187,0.46278713370271435,1
0.6975255196198145,0.46949586104177077,1
0.692944322904915,0.48098005312416064,1
0.7491036399440466,0.49081605429026415,1
0.7039104842499262,0.5009332373488757,1
0.7162015123851786,0.5334306170393054,1
0.7532528128949815,0.5057399553414836,1
0.7246232134666775,0.4671269940393315,1
0.7379396303039584,0.4670685644290414,0
0.6968569957473292,0.46568222741772286,1
0.7350342744145261,0.4299549767677006,1
0.7610685840333832,0.45592496564219287,0
0.6813516304033207,0.5062098850856397,1
0.6549118981720915,0.5023496494201414,0
0.6654217850177461,0.524599009118002,1
0.6687460126762863,0.5321773029685029,1
0.6610133407520207,0.5281287681334115,1
0.6932539559347876,0.5111952871045093,1
0.7154676980110113,0.5137238782084714,0
0.6893309698976324,0.5816130092427708,1
0.6910820061010295,0.6055252692826629,1
0.7004827896400876,0.5702078981340827,1
0.6755039432179484,0.5906067578417636,1
0.6574015668453448,0.6017911805729118,0
0.7013787804213492,0.6660793335607156,1
0.6856574671173725,0.6387717896737569,1
0.6618226492662,0.6373779238103617,1
0.6849949976388434,0.6207151799112907,0
0.6260727219150461,0.5386838743842992,1
0.6362343594532969,0.5540678887266725,0
0.6221614978951748,0.514510619433566,1
0.6457628475117504,0.49333829967326054,1
0.6488982236148843,0.5058611952426556,1
0.6464537271507853,0.523464542290578,0
0.5924450849726535,0.5069571661914484,0
0.6385068915622168,0.5219220482234466,1
0.6212744464775222,0.558545923462799,1
0.6233672982738544,0.5242775572624692,1
0.6225004236492782,0.5967785097325764,1
0.6476688475825135,0.5785884886334102,1
0.6117286657153101,0.6033127259336942,0
0.6092090009184826,0.577847745013576,1
0.623107784962416,0.5963150860574782,0
0.5666701577214511,0.5463035324163958,0
0.6405568305172025,0.4937065653119926,1
0.6452626465662648,0.5235086553730364,1
0.6376114088928428,0.5395482379954762,0
0.6581293058434612,0.5764228148662998,1
0.6610038362714195,0.5648124865549515,1
0.6722965585171575,0.5627310775163832,0
0.5682118069669934,0.5325584159478318,0
0.6024388570826104,0.4856386548635586,0
0.6235376316574021,0.42151924983590294,0
0.6078212388404232,0.5213224787618507,0
0.6806728569235513,0.5132104425254275,0
0.6763302133704339,0.6132186785079866,1
0.7022751620032147,0.6025476700039258,1
0.6875666888931963,0.6074687248639813,1
0.6641528264671697,0.5765404521209887,1
0.6612482007182056,0.6007683390990401,1
0.6858637251411542,0.6280787280846436,1
0.6708488212632471,0.6037019032880797,1
0.6359721463256717,0.6187349030790722,1
0.5878373937880322,0.6438531134162508,1
0.6258199112652312,0.6100421360318057,1
0.6242786096105873,0.6532874998584585,1
0.6387783626679768,0.6257233269582189,0
0.6834242816553799,0.5045266743124719,1
0.6580300906486477,0.5033820155910174,1
0.6642260334843252,0.5523017429033357,1
0.6922130857546873,0.5396425230182353,1
0.6966528064919717,0.5393657761999255,1
0.6772959180779987,0.5116379663034925,1
0.6888119299391061,0.5344546120987355,0
0.6203484591628847,0.4613767274048851,0
0.6819901789526176,0.514461478945501,1
0.6540653969315479,0.5523498373047832,0
0.6452062048687277,0.48561884206314326,1
0.6711189895829374,0.48800449825926084,1
0.6806079015623433,0.5114332468225352,1
0.6695517802779692,0.4577112178810602,1
0.686896738488527,0.45794863647598244,1
0.7259454262318242,0.5071527193128338,1
0.7720735980356537,0.4482802241648042,1
0.7523652062384338,0.5104200287001184,1
0.7320539855036992,0.4837609777763697,1
0.7169682431589434,0.43306661813137876,1
0.7272648684793515,0.4609287745598788,1
0.7042970091216502,0.43596122502126083,0
0.6896328068770403,0.5104756134494053,1
0.691635217753268,0.5088267926323042,0
0.7144942833991708,0.5084783761132434,1
0.7605223016911187,0.48265651122111697,1
0.7185913175774611,0.5293354617698185,1
0.7301795076194609,0.5199586288940964,0
0.7429835675023271,0.46432065018229973,1
0.7177151994388494,0.5083189508566135,0
0.7236325242260087,0.4399035390427097,1
0.7298773139330563,0.3930634867729295,1
0.768780459974698,0.44543416067834984,1
0.7414044864913019,0.40571668515160597,1
0.765232336926818,0.40525487997604986,1
0.7640877425721428,0.4115639064243621,1
0.8102729303659757,0.4043010321440368,0
0.778326146056213,0.4188328337723323,1
0.7722817963609468,0.3961610579845144,1
0.7409941112327338,0.47438175087635753,0
0.7341656608876413,0.4575069507912349,1
0.7502792699956176,0.46164023472366944,1
0.7601488262840899,0.47326306660070266,1
0.7580209448682317,0.4814575041965352,1
0.7851649188390991,0.5454418822844644,0
0.778571603953612,0.5146237975646316,1
0.799822905922251,0.4324903527192858,0
0.8312902438162844,0.3748802034494655,1
0.8410700024129284,0.35600534248274246,1
0.8266742249724089,0.3614046993663124,0
0.8185255683318904,0.4083111247409074,0
0.7855571327982238,0.42038190585128604,1
0.8312077984530539,0.4705785150594931,1
0.8881144110851465,0.4107077516372658,1
0.8372133860390901,0.3931768971962934,1
0.86389445948883,0.3991259915841285,1
0.8238608381801559,0.4110014371216881,1
0.8240172369698695,0.4310239034241632,1
0.8006978934982781,0.43754447031133425,0
0.863439391777343,0.4309073000732794,1
0.857943539664136,0.4508750037146645,1
0.8453805118820522,0.4508256834599121,1
0.8056875520855618,0.46040406817585405,1
0.8075452284986772,0.4504063199951655,1
0.8188218894174311,0.45482594552009836,0
0.8542926053237098,0.31719089462040917,1
0.8554263809297221,0.3174022742710236,1
0.8657228673277116,0.3671715389400477,1
0.8515753397663787,0.35271314649865126,0
0.7487918443311078,0.30349094646353136,1
0.7478190793851632,0.31789055153560764,1
0.8198817662467408,0.28285241479035006,0
0.8554855401941989,0.22129785248307682,1
0.7975340418366195,0.265739598623719,1
0.8095516417340629,0.2447758393275586,1
0.8164423185552553,0.2588842518464348,1
0.8031504460947706,0.27608718253396725,1
0.8059418614133945,0.2754753393287751,1
0.8131562644734549,0.277899271458945,1
0.8139171343644895,0.3081014545784114,0
0.8352148495432246,0.2832624894849788,1
0.8529207102404411,0.24371779788969195,1
0.8390130548324533,0.24157949421204022,1
0.8175304398901577,0.2658419999190893,0
0.7464687603423634,0.2840011606495992,0
0.76650898900991,0.2796812857299923,1
0.7948086714678628,0.2703679788649768,1
0.8016492128402328,0.24095122430816826,1
0.8064722403445186,0.2317474902591421,1
0.844000692573629,0.21695533688187088,0
0.7813554977941365,0.11910314586578175,0
0.8585015879671412,0.16053159105442283,1
0.8585725870796895,0.1869800559689348,1
0.8607685052295049,0.18394768056374244,0
0.8350852334931047,0.26677802838316245,0
0.9003816741659585,0.24315511453145833,1
0.8907478847061343,0.2547202470748676,0
0.8523855746793332,0.21048688572231006,1
0.858351064197943,0.2197068174222396,0
0.8455817098076774,0.23640629090901996,1
0.8419556726768842,0.22165148050143446,1
0.8536227595836127,0.19801266881541496,0
0.9450784887406789,0.21529108714340983,1
0.9008179438033151,0.24826868987158732,0
0.9254158317982134,0.26160379630467734,1
0.9350000580579443,0.2552540142562017,1
0.9162088041195169,0.2500670987804968,0
0.9294305311801034,0.2623872779624261,1
0.9083183429143692,0.23838581769432582,1
0.9500114062543473,0.23206082014675602,1
0.9229912385552702,0.215353443946311,0
0.9476151520560093,0.11048774604239286,1
0.8974563991494415,0.05525667794191309,1
0.948678134183699,0.06489551531345908,1
0.952395275272727,0.07822833229456168,0
0.982655415634104,0.046489221993944625,1
0.9284927265944076,0.0670000007844701,0
0.9026553652205137,0.14371966538438757,1
0.9537890380040506,0.11405139575478654,1
0.9684141864577278,0.10410997226997654,0
0.9174319762606532,0.1457959787929089,1
0.9179626144136015,0.1491778921029205,0
0.9370216159347995,0.10762323160315629,1
0.918833009301474,0.1267090850728993,1
0.9294259513826889,0.1843590030293564,1
0.9301677841254506,0.2279237006247229,1
0.9072542047807707,0.22972051074622385,1
0.9001879105081,0.16565688245795446,1
0.902925631762769,0.142430534912577,1
0.9191862958792555,0.11161853517362205,1
0.8877461558729346,0.11281744661389875,1
0.8690542509188655,0.13130261369453608,1
0.8646284188012274,0.14475924232251325,1
0.9299911188483749,0.09125820604437349,0
0.8500162419957841,0.143146731278338,1
0.8063749749376341,0.11981658340690667,0
0.8387155272838018,0.15143179386223796,1
0.809838033921869,0.19873619106584892,1
0.8082398036170256,0.16440099330851554,1
0.8428947745483554,0.16277451193570058,1
0.8341506646936293,0.1522497398524598,1
0.8372140349261149,0.15386408399247983,0
0.8601329170760998,0.20628812874253843,1
0.8161392864897856,0.21518105161013834,0
0.8033681367583552,0.20545580683017514,1
0.8500186562230702,0.21748009826216388,1
0.8484624863076339,0.17676308258976642,1
0.8353362600674414,0.1859450203143515,1
0.8478826719733461,0.20952490531821333,1
0.8722358708268455,0.2068262016636822,1
0.8298122518114939,0.20790750675177083,1
0.8350473379245474,0.24242070234845048,1
0.9017032252747568,0.2821912756425057,0
0.9120736234629138,0.21432361441618264,1
0.9137678277258953,0.21822438877234057,1
0.8745527116405818,0.19522339100718003,1
0.8812364436996319,0.21431650202242422,0
0.8520865794902595,0.19368603348687244,1
0.8553731644742303,0.20020923766145443,1
0.8332510102023292,0.18252723641207716,0
0.8426899058891211,0.24986070366525812,0
0.7977046825372304,0.28131777039970834,1
0.8559107062943585,0.2573832649265283,1
0.8680521993116053,0.2190460123814397,1
0.8324480719905997,0.24282001534182898,0
0.896391069057578,0.31333134741161095,1
0.9284928923241185,0.3385757147259817,1
0.9297441199779968,0.2746416630309736,0
0.8945187919624586,0.3878985494104905,1
0.873589311810328,0.3866963434831059,1
0.850552487966286,0.4048095854161979,1
0.8335022382038416,0.43308730253431393,0
0.7790946080227561,0.37454005408735747,1
0.7355827886097032,0.3444635440264016,1
0.7358908717674675,0.34259105029783987,1
0.7738021046358785,0.35890568327995065,0
0.821455575649179,0.39217050628780764,1
0.7604578166973235,0.37598188616282985,0
0.7735827943091957,0.4711395734080275,1
0.8198242787984046,0.4006280343849148,0
0.7824979262913454,0.37593027935333245,1
0.8036437646944603,0.3684740397267711,1
0.7800375324249533,0.30653046351031304,0
0.8628593569768331,0.35331586219208433,1
0.8708287337165641,0.38391553558619324,0
0.9068570108715842,0.34202309655832874,1
0.8834706880567498,0.32718252599633457,0
0.7910186680429102,0.40977843639990524,1
0.783636257755293,0.3663714654477629,1
0.8133232748678084,0.3784003325831866,1
0.8180315970016722,0.3647124448624841,0
0.852914084696403,0.4278474081472067,1
0.8120306650988357,0.4375426854900658,1
0.8466906041135693,0.4411982919206829,1
0.7993007009136415,0.45219459420115005,1
0.803262728149413,0.3985781802897228,1
0.8224015674962757,0.42207917197436884,0
0.7124642200740894,0.4071830942490816,1
0.7201978168052067,0.4039993446953461,1
0.7488019633365666,0.36597631937641345,0
0.8085307979595656,0.430850126760306,0
0.813418301878422,0.4377963497180926,1
0.7981566575008816,0.45689517827849446,1
0.8247036761546446,0.4505523809328111,0
0.8194736807624785,0.505046633053473,1
0.8400240914956053,0.4562774666718312,0
0.7445681424779479,0.5179590697087673,1
0.7926379668267982,0.48073800400098204,1
0.7655527775853204,0.4878841514946305,1
0.7628804817810372,0.4859416795762321,1
0.7475668378811018,0.5146498518025245,1
0.7610251790845336,0.5143168052819358,0
0.7747486265500336,0.49828665050406196,1
0.8044990159500476,0.4841855497636727,1
0.7683367151251799,0.4745999575777897,0
0.7740035955878223,0.4052661964023615,1
0.7650676568002325,0.3972513040266344,0
0.7569063534284518,0.39636129836359946,1
0.7158013816493367,0.4045712575457556,1
0.722988239325287,0.41362488754059334,0
0.7526291575319313,0.31808545762633067,1
0.7925423457772378,0.3427997288769863,1
0.7869651409895854,0.3479952940257117,0
0.7822582817673593,0.32359528572137786,1
0.7597373575548513,0.3075656909586326,1
0.7355115946458092,0.3353882173389097,1
0.7554921653837693,0.32006499552661666,1
0.8242241844485014,0.31381659940200585,1
0.820019231673477,0.29057224044538826,0
0.8728590817615802,0.26329950699968657,1
0.8826824573559762,0.2903945129999455,1
0.8487842130118057,0.31366323202755053,1
0.8557735893668295,0.3079269836283089,1
0.8640914407375848,0.30373736947058283,1
0.8602013568949254,0.323132110557231,1
0.8438952629113581,0.32246565486746054,1
0.8663345222810709,0.29429692694106935,1
0.8623507225623714,0.3037166414874157,1
0.8683992765045204,0.28843035975083403,1
0.9131841041069694,0.32828065454653826,0
0.8522350191203845,0.2969879479575685,1
0.850760384346589,0.3351909732156304,1
0.8746711558597196,0.3100818475967467,1
0.8197602700562671,0.3651249034742508,0
0.8048717340611792,0.32803130820449555,1
0.7750514967812373,0.3197205353081476,1
0.7890646827067463,0.3084805894627258,1
0.776748133838427,0.32801955269656463,1
0.79117058364498,0.27702906133853056,0
0.8832742127168851,0.2581806340030833,1
0.872322311846792,0.27773737036573587,0
0.7907905588951263,0.24831468144153956,1
0.8224189789103421,0.21219039965577452,1
0.8060209038061421,0.22121348275871608,1
0.8478468087361498,0.23023745370675838,1
0.8249908257166026,0.23925558377046352,1
0.8174622120637423,0.2782137632473015,0
0.8461897078871727,0.20768924017613222,1
0.834303894005729,0.21517478031876397,0
0.840164909426782,0.27834159517539864,1
0.8759976964150169,0.277072971209722,1
0.8442155823619076,0.2823189812869116,1
0.863208194018349,0.2627829519584045,1
0.8373836736378284,0.2289440908122126,1
0.8366952899178054,0.2774587754537482,0
0.8341191981020865,0.2925543608323214,1
0.7993519657999518,0.2675024508102901,1
0.8327277832563016,0.25079113114394574,1
0.8117553612180557,0.2431699988190133,0
0.9022961481108663,0.28966739272173914,1
0.8883180970778718,0.32726581178531483,1
0.8789108550471809,0.32957968154065875,1
0.8969599350597962,0.3277455150261707,1
0.8989624881526804,0.3861617663185045,1
0.8986563286399274,0.34465075373898413,1
0.877042948361202,0.40986345893903764,1
0.8649620173613292,0.35855422748194454,1
0.8497142503747722,0.28607124094640574,1
0.8642425855984082,0.36486744527892845,1
0.8829121711837992,0.281199825214274,1
0.8958112307400278,0.29180941991023146,0
0.8121757792692764,0.2980884403559437,1
0.7984997895617251,0.34002839030507204,1
0.815913996657558,0.3006516485442587,1
0.8132186353467799,0.3020919831742881,0
0.8046369317688543,0.368030260779414,1
0.8416779673936743,0.3754141956662314,1
0.8265361956795907,0.3721806086652102,1
0.8615233347981105,0.3337905411010651,0
0.7776292127784166,0.2612562448428941,0
0.7399108405411755,0.2360563324001916,0
0.7665701373220223,0.2606279020756695,1
0.7720411284095946,0.2799759625506668,0
0.8374231124969687,0.2533567025886425,1
0.8195158533457805,0.2750150594307742,1
0.8381029147189529,0.28761752706120447,1
